0	-0	NaN	NaN
0.01	-0.009165	0.01344	-0.0226
0.02	-0.01826	0.02371	-0.04198
0.03	-0.0273	0.03399	-0.06128
0.04	-0.03626	0.04425	-0.08052
0.05	-0.04517	0.05451	-0.09968
0.06	-0.05401	0.06476	-0.1188
0.07	-0.06278	0.07499	-0.1378
0.08	-0.07149	0.08521	-0.1567
0.09	-0.08014	0.09541	-0.1756
0.1	-0.08873	0.1056	-0.1943
0.11	-0.09726	0.1158	-0.213
0.12	-0.1057	0.1259	-0.2316
0.13	-0.1141	0.136	-0.2501
0.14	-0.1225	0.1461	-0.2686
0.15	-0.1308	0.1561	-0.2869
0.16	-0.139	0.1661	-0.3051
0.17	-0.1472	0.1761	-0.3233
0.18	-0.1553	0.1861	-0.3413
0.19	-0.1633	0.196	-0.3593
0.2	-0.1713	0.2059	-0.3772
0.21	-0.1793	0.2157	-0.3949
0.22	-0.1871	0.2255	-0.4126
0.23	-0.195	0.2352	-0.4302
0.24	-0.2028	0.2449	-0.4476
0.25	-0.2105	0.2545	-0.465
0.26	-0.2181	0.2641	-0.4822
0.27	-0.2258	0.2736	-0.4994
0.28	-0.2333	0.2831	-0.5164
0.29	-0.2408	0.2925	-0.5333
0.3	-0.2483	0.3018	-0.5501
0.31	-0.2557	0.3111	-0.5668
0.32	-0.263	0.3204	-0.5834
0.33	-0.2703	0.3295	-0.5998
0.34	-0.2775	0.3386	-0.6161
0.35	-0.2847	0.3476	-0.6323
0.36	-0.2918	0.3565	-0.6484
0.37	-0.2989	0.3654	-0.6643
0.38	-0.3059	0.3742	-0.6801
0.39	-0.3128	0.3829	-0.6957
0.4	-0.3196	0.3915	-0.7112
0.41	-0.3264	0.4001	-0.7265
0.42	-0.3331	0.4085	-0.7417
0.43	-0.3398	0.4169	-0.7567
0.44	-0.3463	0.4252	-0.7716
0.45	-0.3528	0.4334	-0.7862
0.46	-0.3592	0.4415	-0.8007
0.47	-0.3655	0.4495	-0.8151
0.48	-0.3718	0.4575	-0.8292
0.49	-0.3779	0.4653	-0.8432
0.5	-0.384	0.473	-0.857
0.51	-0.3899	0.4807	-0.8706
0.52	-0.3958	0.4882	-0.8839
0.53	-0.4015	0.4956	-0.8971
0.54	-0.4071	0.5029	-0.9101
0.55	-0.4127	0.5102	-0.9228
0.56	-0.4181	0.5173	-0.9353
0.57	-0.4233	0.5243	-0.9476
0.58	-0.4285	0.5312	-0.9597
0.59	-0.4335	0.538	-0.9714
0.6	-0.4384	0.5446	-0.983
0.61	-0.4431	0.5512	-0.9943
0.62	-0.4477	0.5576	-1.005
0.63	-0.4521	0.564	-1.016
0.64	-0.4564	0.5702	-1.027
0.65	-0.4605	0.5762	-1.037
0.66	-0.4644	0.5822	-1.047
0.67	-0.4682	0.5881	-1.056
0.68	-0.4719	0.5938	-1.066
0.69	-0.4753	0.5994	-1.075
0.7	-0.4786	0.6048	-1.083
0.71	-0.4817	0.6102	-1.092
0.72	-0.4846	0.6154	-1.1
0.73	-0.4873	0.6205	-1.108
0.74	-0.4899	0.6254	-1.115
0.75	-0.4922	0.6303	-1.122
0.76	-0.4943	0.635	-1.129
0.77	-0.4963	0.6395	-1.136
0.78	-0.4979	0.644	-1.142
0.79	-0.4994	0.6483	-1.148
0.8	-0.5006	0.6524	-1.153
0.81	-0.5016	0.6564	-1.158
0.82	-0.5024	0.6603	-1.163
0.83	-0.503	0.6641	-1.167
0.84	-0.5033	0.6677	-1.171
0.85	-0.5035	0.6712	-1.175
0.86	-0.5036	0.6745	-1.178
0.87	-0.5035	0.6777	-1.181
0.88	-0.5032	0.6807	-1.184
0.89	-0.5029	0.6836	-1.187
0.9	-0.5025	0.6864	-1.189
0.91	-0.502	0.689	-1.191
0.92	-0.5014	0.6915	-1.193
0.93	-0.5007	0.6938	-1.194
0.94	-0.4998	0.696	-1.196
0.95	-0.4989	0.6981	-1.197
0.96	-0.4978	0.7	-1.198
0.97	-0.4965	0.7017	-1.198
0.98	-0.4951	0.7033	-1.198
0.99	-0.4934	0.7048	-1.198
1	-0.4916	0.7061	-1.198
1.01	-0.4895	0.7073	-1.197
1.02	-0.4873	0.7083	-1.196
1.03	-0.485	0.7092	-1.194
1.04	-0.4826	0.7099	-1.192
1.05	-0.4802	0.7105	-1.191
1.06	-0.4778	0.7109	-1.189
1.07	-0.4755	0.7112	-1.187
1.08	-0.4733	0.7113	-1.185
1.09	-0.4714	0.7113	-1.183
1.1	-0.4697	0.7111	-1.181
1.11	-0.4683	0.7108	-1.179
1.12	-0.4671	0.7104	-1.177
1.13	-0.4659	0.7098	-1.176
1.14	-0.4648	0.709	-1.174
1.15	-0.4635	0.7082	-1.172
1.16	-0.4621	0.7071	-1.169
1.17	-0.4603	0.7059	-1.166
1.18	-0.4581	0.7046	-1.163
1.19	-0.4554	0.7031	-1.159
1.2	-0.452	0.7015	-1.154
1.21	-0.448	0.6997	-1.148
1.22	-0.4432	0.6978	-1.141
1.23	-0.4376	0.6958	-1.133
1.24	-0.4313	0.6936	-1.125
1.25	-0.4242	0.6912	-1.115
1.26	-0.4163	0.6888	-1.105
1.27	-0.4076	0.6861	-1.094
1.28	-0.398	0.6834	-1.081
1.29	-0.3876	0.6805	-1.068
1.3	-0.3764	0.6774	-1.054
1.31	-0.3642	0.6743	-1.038
1.32	-0.3511	0.6709	-1.022
1.33	-0.3368	0.6675	-1.004
1.34	-0.3213	0.6639	-0.9852
1.35	-0.3044	0.6602	-0.9645
1.36	-0.286	0.6563	-0.9423
1.37	-0.266	0.6523	-0.9183
1.38	-0.2443	0.6482	-0.8924
1.39	-0.2206	0.6439	-0.8645
1.4	-0.195	0.6395	-0.8345
1.41	-0.1673	0.635	-0.8023
1.42	-0.1376	0.6303	-0.7679
1.43	-0.1058	0.6256	-0.7313
1.44	-0.07209	0.6206	-0.6927
1.45	-0.03651	0.6156	-0.6521
1.46	0.0008948	0.6104	-0.6096
1.47	0.04006	0.6052	-0.5651
1.48	0.08093	0.5998	-0.5188
1.49	0.1235	0.5942	-0.4708
1.5	0.1676	0.5886	-0.421
1.51	0.2132	0.5828	-0.3696
1.52	0.2602	0.5769	-0.3167
1.53	0.3087	0.5709	-0.2623
1.54	0.3584	0.5648	-0.2065
1.55	0.4092	0.5586	-0.1493
1.56	0.4613	0.5523	-0.091
1.57	0.5143	0.5458	-0.03152
1.58	0.5683	0.5392	0.02902
1.59	0.6231	0.5326	0.09053
1.6	0.6787	0.5258	0.1529
1.61	0.735	0.5189	0.216
1.62	0.7913	0.5119	0.2794
1.63	0.8472	0.5048	0.3424
1.64	0.9021	0.4977	0.4044
1.65	0.9553	0.4904	0.465
1.66	1.006	0.483	0.5234
1.67	1.055	0.4755	0.5792
1.68	1.1	0.4679	0.6318
1.69	1.141	0.4603	0.6805
1.7	1.177	0.4525	0.7249
1.71	1.209	0.4447	0.7644
1.72	1.236	0.4367	0.7989
1.73	1.257	0.4287	0.8287
1.74	1.274	0.4206	0.8537
1.75	1.286	0.4124	0.874
1.76	1.294	0.4042	0.8898
1.77	1.297	0.3958	0.901
1.78	1.295	0.3874	0.9077
1.79	1.289	0.3789	0.91
1.8	1.278	0.3703	0.9081
1.81	1.264	0.3617	0.9019
1.82	1.245	0.353	0.8919
1.83	1.223	0.3442	0.8785
1.84	1.197	0.3354	0.862
1.85	1.169	0.3265	0.8429
1.86	1.139	0.3175	0.8216
1.87	1.107	0.3085	0.7985
1.88	1.073	0.2994	0.774
1.89	1.039	0.2902	0.7485
1.9	1.003	0.281	0.7224
1.91	0.9678	0.2718	0.696
1.92	0.9319	0.2625	0.6694
1.93	0.8958	0.2531	0.6427
1.94	0.8595	0.2437	0.6158
1.95	0.823	0.2343	0.5887
1.96	0.7864	0.2248	0.5616
1.97	0.7496	0.2153	0.5343
1.98	0.7127	0.2057	0.507
1.99	0.6757	0.1961	0.4796
2	0.6386	0.1865	0.4521
2.01	0.6014	0.1768	0.4246
2.02	0.5643	0.1671	0.3972
2.03	0.5275	0.1574	0.3701
2.04	0.491	0.1476	0.3433
2.05	0.455	0.1379	0.3172
2.06	0.4198	0.1281	0.2917
2.07	0.3853	0.1183	0.2671
2.08	0.3519	0.1084	0.2435
2.09	0.3196	0.09856	0.221
2.1	0.2885	0.08869	0.1998
2.11	0.2589	0.07881	0.1801
2.12	0.2307	0.06892	0.1618
2.13	0.2038	0.05902	0.1448
2.14	0.1782	0.04912	0.1291
2.15	0.1539	0.03921	0.1147
2.16	0.1307	0.0293	0.1014
2.17	0.1086	0.01939	0.08924
2.18	0.08763	0.009483	0.07815
2.19	0.06765	-0.0004204	0.06807
2.2	0.04862	-0.01032	0.05894
2.21	0.03049	-0.02021	0.0507
2.22	0.01318	-0.03008	0.04326
2.23	-0.003416	-0.03995	0.03653
2.24	-0.01939	-0.0498	0.03041
2.25	-0.03483	-0.05964	0.0248
2.26	-0.04984	-0.06945	0.01961
2.27	-0.06451	-0.07925	0.01474
2.28	-0.07893	-0.08902	0.01009
2.29	-0.0932	-0.09877	0.00557
2.3	-0.1074	-0.1085	0.001081
2.31	-0.1216	-0.1182	-0.003435
2.32	-0.1357	-0.1278	-0.007893
2.33	-0.1496	-0.1375	-0.01217
2.34	-0.1632	-0.1471	-0.01614
2.35	-0.1763	-0.1566	-0.01967
2.36	-0.1888	-0.1662	-0.02266
2.37	-0.2006	-0.1756	-0.02496
2.38	-0.2115	-0.1851	-0.02647
2.39	-0.2215	-0.1945	-0.02705
2.4	-0.2304	-0.2038	-0.02658
2.41	-0.2381	-0.2131	-0.02498
2.42	-0.2447	-0.2224	-0.02231
2.43	-0.2502	-0.2316	-0.01867
2.44	-0.2549	-0.2407	-0.01418
2.45	-0.2588	-0.2498	-0.008942
2.46	-0.2619	-0.2588	-0.003053
2.47	-0.2644	-0.2678	0.003378
2.48	-0.2665	-0.2767	0.01024
2.49	-0.2681	-0.2856	0.01744
2.5	-0.2695	-0.2944	0.02487
2.51	-0.2707	-0.3031	0.03242
2.52	-0.2717	-0.3117	0.04003
2.53	-0.2727	-0.3203	0.04761
2.54	-0.2737	-0.3288	0.05511
2.55	-0.2748	-0.3373	0.06246
2.56	-0.2761	-0.3456	0.06957
2.57	-0.2775	-0.3539	0.0764
2.58	-0.2793	-0.3621	0.08285
2.59	-0.2814	-0.3703	0.08888
2.6	-0.2839	-0.3783	0.0944
2.61	-0.2869	-0.3863	0.09938
2.62	-0.2902	-0.3942	0.1039
2.63	-0.2938	-0.402	0.1082
2.64	-0.2974	-0.4097	0.1123
2.65	-0.301	-0.4173	0.1163
2.66	-0.3043	-0.4248	0.1205
2.67	-0.3073	-0.4323	0.1249
2.68	-0.3099	-0.4396	0.1297
2.69	-0.3118	-0.4468	0.1351
2.7	-0.3129	-0.454	0.1411
2.71	-0.3133	-0.461	0.1478
2.72	-0.3129	-0.468	0.1551
2.73	-0.3122	-0.4749	0.1626
2.74	-0.3114	-0.4816	0.1702
2.75	-0.3107	-0.4883	0.1776
2.76	-0.3103	-0.4948	0.1845
2.77	-0.3106	-0.5012	0.1906
2.78	-0.3118	-0.5076	0.1958
2.79	-0.3141	-0.5138	0.1997
2.8	-0.3178	-0.5199	0.2021
2.81	-0.3231	-0.5259	0.2028
2.82	-0.3298	-0.5318	0.202
2.83	-0.3377	-0.5376	0.1999
2.84	-0.3465	-0.5432	0.1967
2.85	-0.3561	-0.5488	0.1927
2.86	-0.3662	-0.5542	0.188
2.87	-0.3766	-0.5595	0.1829
2.88	-0.387	-0.5647	0.1777
2.89	-0.3973	-0.5698	0.1725
2.9	-0.4072	-0.5748	0.1676
2.91	-0.4165	-0.5796	0.1632
2.92	-0.4252	-0.5843	0.1591
2.93	-0.4337	-0.5889	0.1552
2.94	-0.4419	-0.5934	0.1515
2.95	-0.45	-0.5977	0.1477
2.96	-0.4582	-0.602	0.1437
2.97	-0.4666	-0.606	0.1395
2.98	-0.4752	-0.61	0.1348
2.99	-0.4844	-0.6138	0.1295
3	-0.4941	-0.6176	0.1235
3.01	-0.5045	-0.6211	0.1166
3.02	-0.5155	-0.6246	0.109
3.03	-0.5271	-0.6279	0.1008
3.04	-0.539	-0.6311	0.09213
3.05	-0.5511	-0.6341	0.08302
3.06	-0.5634	-0.6371	0.07362
3.07	-0.5758	-0.6399	0.06405
3.08	-0.5881	-0.6425	0.05443
3.09	-0.6002	-0.645	0.04487
3.1	-0.6119	-0.6474	0.03548
3.11	-0.6233	-0.6497	0.02635
3.12	-0.6343	-0.6518	0.01748
3.13	-0.6449	-0.6538	0.008825
3.14	-0.6553	-0.6556	0.0003565
3.15	-0.6653	-0.6573	-0.007961
3.16	-0.6751	-0.6589	-0.01616
3.17	-0.6846	-0.6603	-0.02428
3.18	-0.694	-0.6616	-0.03235
3.19	-0.7032	-0.6628	-0.0404
3.2	-0.7123	-0.6638	-0.04848
3.21	-0.7213	-0.6647	-0.05661
3.22	-0.7303	-0.6655	-0.06481
3.23	-0.7392	-0.6661	-0.07312
3.24	-0.7481	-0.6666	-0.08157
3.25	-0.7571	-0.6669	-0.09016
3.26	-0.7661	-0.6671	-0.09894
3.27	-0.7751	-0.6672	-0.1079
3.28	-0.7842	-0.6671	-0.1171
3.29	-0.7935	-0.6669	-0.1266
3.3	-0.8029	-0.6665	-0.1363
3.31	-0.8124	-0.6661	-0.1464
3.32	-0.8219	-0.6654	-0.1564
3.33	-0.831	-0.6647	-0.1663
3.34	-0.8396	-0.6638	-0.1758
3.35	-0.8474	-0.6627	-0.1847
3.36	-0.8542	-0.6616	-0.1926
3.37	-0.8597	-0.6603	-0.1995
3.38	-0.8637	-0.6588	-0.2049
3.39	-0.866	-0.6572	-0.2088
3.4	-0.8663	-0.6555	-0.2108
3.41	-0.8645	-0.6537	-0.2108
3.42	-0.8608	-0.6517	-0.209
3.43	-0.8554	-0.6496	-0.2058
3.44	-0.8488	-0.6473	-0.2014
3.45	-0.8412	-0.645	-0.1962
3.46	-0.8329	-0.6425	-0.1905
3.47	-0.8243	-0.6398	-0.1845
3.48	-0.8156	-0.637	-0.1786
3.49	-0.8072	-0.6341	-0.1731
3.5	-0.7994	-0.6311	-0.1683
3.51	-0.7924	-0.6279	-0.1645
3.52	-0.7861	-0.6246	-0.1615
3.53	-0.7805	-0.6212	-0.1593
3.54	-0.7753	-0.6177	-0.1577
3.55	-0.7706	-0.614	-0.1566
3.56	-0.766	-0.6102	-0.1558
3.57	-0.7615	-0.6063	-0.1553
3.58	-0.757	-0.6022	-0.1548
3.59	-0.7523	-0.598	-0.1543
3.6	-0.7474	-0.5938	-0.1536
3.61	-0.742	-0.5893	-0.1526
3.62	-0.736	-0.5848	-0.1512
3.63	-0.7295	-0.5801	-0.1494
3.64	-0.7223	-0.5754	-0.1469
3.65	-0.7143	-0.5705	-0.1438
3.66	-0.7055	-0.5655	-0.14
3.67	-0.6957	-0.5604	-0.1354
3.68	-0.685	-0.5551	-0.1299
3.69	-0.6731	-0.5498	-0.1233
3.7	-0.6601	-0.5443	-0.1158
3.71	-0.6458	-0.5387	-0.1071
3.72	-0.6306	-0.5331	-0.0975
3.73	-0.6145	-0.5273	-0.08726
3.74	-0.598	-0.5214	-0.0766
3.75	-0.5812	-0.5154	-0.06578
3.76	-0.5643	-0.5093	-0.05504
3.77	-0.5477	-0.5031	-0.04462
3.78	-0.5315	-0.4968	-0.03477
3.79	-0.5161	-0.4903	-0.02574
3.8	-0.5016	-0.4838	-0.01777
3.81	-0.4883	-0.4772	-0.01104
3.82	-0.476	-0.4705	-0.005494
3.83	-0.4647	-0.4637	-0.0009918
3.84	-0.4542	-0.4568	0.002596
3.85	-0.4444	-0.4498	0.005399
3.86	-0.4352	-0.4427	0.007549
3.87	-0.4264	-0.4356	0.009176
3.88	-0.4179	-0.4283	0.01041
3.89	-0.4096	-0.421	0.01139
3.9	-0.4013	-0.4135	0.01224
3.91	-0.393	-0.406	0.01306
3.92	-0.3846	-0.3984	0.01387
3.93	-0.3761	-0.3908	0.01463
3.94	-0.3677	-0.383	0.01535
3.95	-0.3592	-0.3752	0.01598
3.96	-0.3508	-0.3673	0.01652
3.97	-0.3423	-0.3593	0.01694
3.98	-0.334	-0.3512	0.01723
3.99	-0.3258	-0.3431	0.01736
4	-0.3176	-0.3349	0.01731
4.01	-0.3096	-0.3267	0.01709
4.02	-0.3016	-0.3183	0.01675
4.03	-0.2936	-0.3099	0.01636
4.04	-0.2855	-0.3015	0.01601
4.05	-0.2772	-0.293	0.01576
4.06	-0.2687	-0.2844	0.01569
4.07	-0.2599	-0.2758	0.01588
4.08	-0.2507	-0.2671	0.0164
4.09	-0.241	-0.2583	0.01732
4.1	-0.2308	-0.2496	0.01872
4.11	-0.2201	-0.2407	0.02064
4.12	-0.2089	-0.2318	0.02297
4.13	-0.1973	-0.2229	0.02555
4.14	-0.1857	-0.2139	0.02824
4.15	-0.174	-0.2049	0.03089
4.16	-0.1625	-0.1958	0.03335
4.17	-0.1513	-0.1867	0.03546
4.18	-0.1405	-0.1776	0.03708
4.19	-0.1304	-0.1684	0.03806
4.2	-0.121	-0.1592	0.03825
4.21	-0.1124	-0.15	0.03755
4.22	-0.1046	-0.1407	0.03607
4.23	-0.09744	-0.1314	0.03397
4.24	-0.09068	-0.1221	0.03141
4.25	-0.08419	-0.1127	0.02856
4.26	-0.07781	-0.1034	0.02557
4.27	-0.0714	-0.09399	0.02259
4.28	-0.06478	-0.08459	0.01981
4.29	-0.05781	-0.07517	0.01737
4.3	-0.05031	-0.06574	0.01543
4.31	-0.04219	-0.05629	0.0141
4.32	-0.03355	-0.04683	0.01328
4.33	-0.02455	-0.03737	0.01282
4.34	-0.01535	-0.0279	0.01255
4.35	-0.006108	-0.01842	0.01232
4.36	0.00302	-0.008945	0.01197
4.37	0.01187	0.0005334	0.01134
4.38	0.02029	0.01001	0.01028
4.39	0.02812	0.01948	0.008637
4.4	0.0352	0.02895	0.006247
4.41	0.04142	0.03841	0.003001
4.42	0.04684	0.04787	-0.001027
4.43	0.05159	0.05731	-0.005714
4.44	0.0558	0.06674	-0.01094
4.45	0.05956	0.07615	-0.01659
4.46	0.06302	0.08555	-0.02253
4.47	0.06627	0.09492	-0.02865
4.48	0.06945	0.1043	-0.03483
4.49	0.07267	0.1136	-0.04095
4.5	0.07605	0.1229	-0.04688
4.51	0.07968	0.1322	-0.05253
4.52	0.08356	0.1415	-0.05791
4.53	0.08763	0.1507	-0.06306
4.54	0.09188	0.1599	-0.06801
4.55	0.09625	0.169	-0.0728
4.56	0.1007	0.1782	-0.07746
4.57	0.1052	0.1873	-0.08203
4.58	0.1097	0.1963	-0.08656
4.59	0.1142	0.2053	-0.09106
4.6	0.1187	0.2143	-0.09558
4.61	0.123	0.2232	-0.1001
4.62	0.1274	0.232	-0.1047
4.63	0.1317	0.2409	-0.1092
4.64	0.1362	0.2496	-0.1135
4.65	0.1408	0.2584	-0.1176
4.66	0.1457	0.267	-0.1214
4.67	0.1508	0.2756	-0.1248
4.68	0.1563	0.2842	-0.1278
4.69	0.1623	0.2927	-0.1304
4.7	0.1687	0.3011	-0.1324
4.71	0.1757	0.3095	-0.1337
4.72	0.1834	0.3178	-0.1344
4.73	0.1917	0.326	-0.1342
4.74	0.2009	0.3342	-0.1333
4.75	0.2108	0.3423	-0.1314
4.76	0.2217	0.3503	-0.1286
4.77	0.2335	0.3582	-0.1247
4.78	0.2464	0.3661	-0.1197
4.79	0.2604	0.3739	-0.1135
4.8	0.2755	0.3816	-0.1061
4.81	0.2919	0.3893	-0.09742
4.82	0.3092	0.3968	-0.08763
4.83	0.3273	0.4043	-0.077
4.84	0.346	0.4117	-0.06575
4.85	0.3649	0.419	-0.05412
4.86	0.3839	0.4263	-0.04235
4.87	0.4027	0.4334	-0.03067
4.88	0.4211	0.4404	-0.01932
4.89	0.4389	0.4474	-0.008543
4.9	0.4557	0.4543	0.001437
4.91	0.4715	0.461	0.01042
4.92	0.4861	0.4677	0.0184
4.93	0.4997	0.4743	0.0254
4.94	0.5122	0.4808	0.03146
4.95	0.5237	0.4871	0.03659
4.96	0.5342	0.4934	0.04083
4.97	0.5438	0.4996	0.04422
4.98	0.5524	0.5056	0.04678
4.99	0.5602	0.5116	0.04854
5	0.567	0.5175	0.04953
5.01	0.573	0.5232	0.04981
5.02	0.5785	0.5289	0.0496
5.03	0.5835	0.5344	0.04913
5.04	0.5885	0.5398	0.04864
5.05	0.5935	0.5451	0.04837
5.06	0.5989	0.5503	0.04857
5.07	0.6049	0.5554	0.04948
5.08	0.6117	0.5604	0.05134
5.09	0.6196	0.5652	0.05438
5.1	0.6288	0.57	0.05885
5.11	0.6395	0.5746	0.06491
5.12	0.6515	0.5791	0.07236
5.13	0.6644	0.5835	0.08095
5.14	0.6781	0.5877	0.0904
5.15	0.6923	0.5919	0.1004
5.16	0.7067	0.5959	0.1108
5.17	0.721	0.5998	0.1212
5.18	0.7349	0.6036	0.1314
5.19	0.7483	0.6072	0.1411
5.2	0.7608	0.6107	0.15
5.21	0.7721	0.6141	0.158
5.22	0.7825	0.6174	0.1651
5.23	0.7918	0.6205	0.1713
5.24	0.8004	0.6235	0.1768
5.25	0.8081	0.6264	0.1817
5.26	0.8153	0.6291	0.1861
5.27	0.8219	0.6318	0.1901
5.28	0.8281	0.6343	0.1938
5.29	0.8339	0.6366	0.1973
5.3	0.8395	0.6388	0.2007
5.31	0.845	0.6409	0.204
5.32	0.8503	0.6429	0.2074
5.33	0.8554	0.6447	0.2107
5.34	0.8603	0.6464	0.2139
5.35	0.8649	0.648	0.2169
5.36	0.8692	0.6494	0.2198
5.37	0.8732	0.6507	0.2225
5.38	0.8769	0.6519	0.225
5.39	0.8801	0.6529	0.2272
5.4	0.8829	0.6538	0.2291
5.41	0.8852	0.6546	0.2307
5.42	0.8871	0.6552	0.2319
5.43	0.8885	0.6557	0.2328
5.44	0.8894	0.656	0.2334
5.45	0.8899	0.6563	0.2337
5.46	0.8899	0.6563	0.2336
5.47	0.8895	0.6563	0.2332
5.48	0.8886	0.6561	0.2325
5.49	0.8873	0.6558	0.2315
5.5	0.8855	0.6553	0.2302
5.51	0.8833	0.6547	0.2285
5.52	0.8805	0.654	0.2265
5.53	0.8772	0.6532	0.2241
5.54	0.8734	0.6522	0.2212
5.55	0.8689	0.651	0.2179
5.56	0.8638	0.6498	0.214
5.57	0.8579	0.6484	0.2095
5.58	0.8512	0.6468	0.2044
5.59	0.8438	0.6452	0.1986
5.6	0.8355	0.6434	0.1921
5.61	0.8263	0.6415	0.1849
5.62	0.8163	0.6394	0.1769
5.63	0.8054	0.6372	0.1682
5.64	0.7938	0.6349	0.1589
5.65	0.7813	0.6324	0.1489
5.66	0.7681	0.6298	0.1383
5.67	0.7542	0.6271	0.1271
5.68	0.7396	0.6243	0.1153
5.69	0.7244	0.6213	0.103
5.7	0.7085	0.6182	0.09028
5.71	0.6921	0.615	0.07707
5.72	0.6752	0.6117	0.06356
5.73	0.6581	0.6082	0.04992
5.74	0.6409	0.6046	0.03629
5.75	0.6237	0.6009	0.02286
5.76	0.6068	0.597	0.009773
5.77	0.5903	0.5931	-0.002799
5.78	0.5743	0.589	-0.0147
5.79	0.559	0.5848	-0.02575
5.8	0.5446	0.5804	-0.03581
5.81	0.5312	0.576	-0.04476
5.82	0.5187	0.5714	-0.0527
5.83	0.5069	0.5667	-0.05981
5.84	0.4957	0.5619	-0.06623
5.85	0.4849	0.557	-0.07213
5.86	0.4743	0.552	-0.07768
5.87	0.4638	0.5469	-0.08303
5.88	0.4533	0.5416	-0.08834
5.89	0.4425	0.5363	-0.09378
5.9	0.4313	0.5308	-0.0995
5.91	0.4196	0.5252	-0.1056
5.92	0.4074	0.5195	-0.1121
5.93	0.3948	0.5137	-0.1189
5.94	0.382	0.5079	-0.1259
5.95	0.3689	0.5019	-0.1329
5.96	0.3558	0.4958	-0.14
5.97	0.3425	0.4896	-0.147
5.98	0.3294	0.4833	-0.1539
5.99	0.3164	0.4769	-0.1605
6	0.3036	0.4704	-0.1668
6.01	0.2911	0.4638	-0.1727
6.02	0.2789	0.4571	-0.1782
6.03	0.2668	0.4503	-0.1835
6.04	0.2549	0.4435	-0.1886
6.05	0.243	0.4365	-0.1935
6.06	0.2312	0.4295	-0.1983
6.07	0.2192	0.4224	-0.2031
6.08	0.2072	0.4151	-0.208
6.09	0.1949	0.4079	-0.2129
6.1	0.1824	0.4005	-0.2181
6.11	0.1696	0.393	-0.2235
6.12	0.1565	0.3855	-0.229
6.13	0.1433	0.3779	-0.2346
6.14	0.13	0.3702	-0.2402
6.15	0.1167	0.3624	-0.2457
6.16	0.1036	0.3546	-0.251
6.17	0.09067	0.3467	-0.256
6.18	0.07802	0.3387	-0.2607
6.19	0.06575	0.3307	-0.2649
6.2	0.05394	0.3226	-0.2686
6.21	0.04266	0.3144	-0.2717
6.22	0.0319	0.3062	-0.2743
6.23	0.0216	0.2979	-0.2763
6.24	0.01173	0.2895	-0.2778
6.25	0.002241	0.2811	-0.2789
6.26	-0.006908	0.2726	-0.2795
6.27	-0.01576	0.2641	-0.2799
6.28	-0.02435	0.2556	-0.2799
6.29	-0.03274	0.2469	-0.2797
6.3	-0.04095	0.2383	-0.2792
6.31	-0.04902	0.2296	-0.2786
6.32	-0.05694	0.2208	-0.2777
6.33	-0.06466	0.212	-0.2767
6.34	-0.07216	0.2032	-0.2753
6.35	-0.07941	0.1943	-0.2737
6.36	-0.08637	0.1854	-0.2718
6.37	-0.09301	0.1764	-0.2695
6.38	-0.0993	0.1675	-0.2668
6.39	-0.1052	0.1584	-0.2637
6.4	-0.1107	0.1494	-0.2601
6.41	-0.1158	0.1403	-0.2561
6.42	-0.1205	0.1313	-0.2518
6.43	-0.125	0.1221	-0.2471
6.44	-0.1293	0.113	-0.2423
6.45	-0.1336	0.1038	-0.2374
6.46	-0.1379	0.09467	-0.2325
6.47	-0.1423	0.08548	-0.2278
6.48	-0.147	0.07627	-0.2232
6.49	-0.1519	0.06706	-0.219
6.5	-0.1573	0.05783	-0.2151
6.51	-0.1632	0.0486	-0.2118
6.52	-0.1694	0.03936	-0.2088
6.53	-0.176	0.03011	-0.2061
6.54	-0.1828	0.02087	-0.2037
6.55	-0.1897	0.01162	-0.2013
6.56	-0.1966	0.002378	-0.199
6.57	-0.2035	-0.006862	-0.1966
6.58	-0.2101	-0.0161	-0.194
6.59	-0.2165	-0.02532	-0.1911
6.6	-0.2224	-0.03454	-0.1879
6.61	-0.2279	-0.04375	-0.1842
6.62	-0.2329	-0.05294	-0.18
6.63	-0.2374	-0.06212	-0.1753
6.64	-0.2413	-0.07128	-0.17
6.65	-0.2447	-0.08042	-0.1643
6.66	-0.2475	-0.08954	-0.1579
6.67	-0.2497	-0.09864	-0.151
6.68	-0.2513	-0.1077	-0.1436
6.69	-0.2523	-0.1168	-0.1355
6.7	-0.2526	-0.1258	-0.1268
6.71	-0.2523	-0.1348	-0.1175
6.72	-0.2514	-0.1437	-0.1077
6.73	-0.2501	-0.1526	-0.0975
6.74	-0.2485	-0.1615	-0.08699
6.75	-0.2467	-0.1704	-0.0763
6.76	-0.2447	-0.1792	-0.06554
6.77	-0.2428	-0.1879	-0.05482
6.78	-0.2409	-0.1967	-0.04426
6.79	-0.2393	-0.2053	-0.03396
6.8	-0.238	-0.214	-0.02404
6.81	-0.2371	-0.2225	-0.01458
6.82	-0.2367	-0.2311	-0.005578
6.83	-0.2365	-0.2396	0.003007
6.84	-0.2368	-0.248	0.01121
6.85	-0.2373	-0.2563	0.01906
6.86	-0.238	-0.2647	0.02661
6.87	-0.239	-0.2729	0.03388
6.88	-0.2402	-0.2811	0.04091
6.89	-0.2415	-0.2892	0.04774
6.9	-0.2429	-0.2973	0.0544
6.91	-0.2444	-0.3053	0.06093
6.92	-0.2459	-0.3132	0.06732
6.93	-0.2475	-0.3211	0.07356
6.94	-0.2492	-0.3289	0.07966
6.95	-0.251	-0.3366	0.08561
6.96	-0.2528	-0.3442	0.09141
6.97	-0.2547	-0.3518	0.09704
6.98	-0.2568	-0.3593	0.1025
6.99	-0.2589	-0.3667	0.1078
7	-0.2611	-0.374	0.1129
7.01	-0.2634	-0.3813	0.1179
7.02	-0.2657	-0.3884	0.1227
7.03	-0.268	-0.3955	0.1275
7.04	-0.2702	-0.4025	0.1323
7.05	-0.2722	-0.4094	0.1372
7.06	-0.2739	-0.4162	0.1423
7.07	-0.2753	-0.423	0.1476
7.08	-0.2763	-0.4296	0.1532
7.09	-0.2769	-0.4361	0.1592
7.1	-0.2769	-0.4426	0.1657
7.11	-0.2763	-0.4489	0.1726
7.12	-0.2753	-0.4552	0.1799
7.13	-0.2739	-0.4613	0.1874
7.14	-0.2724	-0.4674	0.195
7.15	-0.2708	-0.4734	0.2026
7.16	-0.2693	-0.4792	0.2099
7.17	-0.2681	-0.485	0.2169
7.18	-0.2672	-0.4906	0.2234
7.19	-0.2668	-0.4962	0.2293
7.2	-0.2671	-0.5016	0.2345
7.21	-0.2682	-0.5069	0.2387
7.22	-0.27	-0.5121	0.2422
7.23	-0.2723	-0.5173	0.2449
7.24	-0.2752	-0.5223	0.247
7.25	-0.2786	-0.5271	0.2486
7.26	-0.2823	-0.5319	0.2496
7.27	-0.2862	-0.5366	0.2504
7.28	-0.2903	-0.5411	0.2508
7.29	-0.2944	-0.5456	0.2511
7.3	-0.2986	-0.5499	0.2513
7.31	-0.3026	-0.5541	0.2515
7.32	-0.3065	-0.5582	0.2517
7.33	-0.3102	-0.5621	0.252
7.34	-0.3137	-0.566	0.2523
7.35	-0.317	-0.5697	0.2527
7.36	-0.32	-0.5733	0.2533
7.37	-0.3228	-0.5768	0.254
7.38	-0.3253	-0.5801	0.2548
7.39	-0.3275	-0.5834	0.2559
7.4	-0.3293	-0.5865	0.2572
7.41	-0.3308	-0.5895	0.2587
7.42	-0.332	-0.5923	0.2603
7.43	-0.333	-0.5951	0.262
7.44	-0.3339	-0.5977	0.2637
7.45	-0.3348	-0.6002	0.2654
7.46	-0.3357	-0.6025	0.2668
7.47	-0.3367	-0.6047	0.2681
7.48	-0.3379	-0.6069	0.269
7.49	-0.3394	-0.6088	0.2694
7.5	-0.3412	-0.6107	0.2694
7.51	-0.3435	-0.6124	0.2689
7.52	-0.3462	-0.614	0.2677
7.53	-0.3494	-0.6155	0.2661
7.54	-0.3529	-0.6168	0.2639
7.55	-0.3568	-0.618	0.2612
7.56	-0.3611	-0.6191	0.258
7.57	-0.3657	-0.62	0.2543
7.58	-0.3706	-0.6208	0.2502
7.59	-0.3759	-0.6215	0.2456
7.6	-0.3815	-0.6221	0.2405
7.61	-0.3874	-0.6225	0.2351
7.62	-0.3936	-0.6228	0.2292
7.63	-0.4001	-0.6229	0.2228
7.64	-0.407	-0.623	0.216
7.65	-0.4142	-0.6229	0.2087
7.66	-0.4217	-0.6227	0.2009
7.67	-0.4297	-0.6223	0.1926
7.68	-0.438	-0.6218	0.1838
7.69	-0.4467	-0.6212	0.1745
7.7	-0.4558	-0.6205	0.1646
7.71	-0.4654	-0.6196	0.1542
7.72	-0.4752	-0.6186	0.1434
7.73	-0.485	-0.6175	0.1325
7.74	-0.4948	-0.6162	0.1214
7.75	-0.5042	-0.6148	0.1106
7.76	-0.5133	-0.6133	0.1
7.77	-0.5217	-0.6117	0.09001
7.78	-0.5293	-0.6099	0.08065
7.79	-0.5359	-0.608	0.07215
7.8	-0.5413	-0.606	0.06468
7.81	-0.5455	-0.6039	0.05836
7.82	-0.5486	-0.6016	0.053
7.83	-0.5508	-0.5992	0.04838
7.84	-0.5524	-0.5967	0.04425
7.85	-0.5537	-0.5941	0.04038
7.86	-0.5548	-0.5913	0.03653
7.87	-0.556	-0.5884	0.03246
7.88	-0.5575	-0.5854	0.02794
7.89	-0.5596	-0.5823	0.02272
7.9	-0.5625	-0.5791	0.01657
7.91	-0.5664	-0.5757	0.009325
7.92	-0.5711	-0.5722	0.001092
7.93	-0.5766	-0.5686	-0.007942
7.94	-0.5825	-0.5649	-0.01759
7.95	-0.5888	-0.5611	-0.02768
7.96	-0.5952	-0.5571	-0.03801
7.97	-0.6015	-0.5531	-0.04841
7.98	-0.6076	-0.5489	-0.05868
7.99	-0.6133	-0.5446	-0.06866
8	-0.6184	-0.5403	-0.07814
8.01	-0.6227	-0.5358	-0.08698
8.02	-0.6263	-0.5312	-0.0951
8.03	-0.6289	-0.5264	-0.1025
8.04	-0.6306	-0.5216	-0.109
8.05	-0.6314	-0.5167	-0.1147
8.06	-0.6312	-0.5117	-0.1196
8.07	-0.63	-0.5065	-0.1235
8.08	-0.6277	-0.5013	-0.1264
8.09	-0.6242	-0.4959	-0.1283
8.1	-0.6197	-0.4905	-0.1291
8.11	-0.6139	-0.485	-0.1289
8.12	-0.6072	-0.4793	-0.1279
8.13	-0.5999	-0.4736	-0.1263
8.14	-0.5922	-0.4678	-0.1244
8.15	-0.5844	-0.4619	-0.1225
8.16	-0.5768	-0.4559	-0.1209
8.17	-0.5696	-0.4498	-0.1198
8.18	-0.5631	-0.4436	-0.1196
8.19	-0.5577	-0.4373	-0.1204
8.2	-0.5535	-0.4309	-0.1226
8.21	-0.5508	-0.4245	-0.1263
8.22	-0.5493	-0.4179	-0.1314
8.23	-0.5489	-0.4113	-0.1376
8.24	-0.5492	-0.4046	-0.1446
8.25	-0.5499	-0.3978	-0.1521
8.26	-0.5509	-0.391	-0.1599
8.27	-0.5517	-0.384	-0.1677
8.28	-0.5522	-0.377	-0.1752
8.29	-0.5521	-0.3699	-0.1822
8.3	-0.5511	-0.3628	-0.1883
8.31	-0.549	-0.3556	-0.1934
8.32	-0.5458	-0.3483	-0.1975
8.33	-0.5416	-0.3409	-0.2007
8.34	-0.5365	-0.3335	-0.203
8.35	-0.5305	-0.326	-0.2046
8.36	-0.5239	-0.3184	-0.2054
8.37	-0.5165	-0.3108	-0.2057
8.38	-0.5086	-0.3031	-0.2055
8.39	-0.5002	-0.2954	-0.2048
8.4	-0.4914	-0.2876	-0.2038
8.41	-0.4823	-0.2797	-0.2025
8.42	-0.4728	-0.2718	-0.201
8.43	-0.4631	-0.2639	-0.1992
8.44	-0.4531	-0.2559	-0.1972
8.45	-0.4428	-0.2478	-0.1949
8.46	-0.4322	-0.2398	-0.1925
8.47	-0.4214	-0.2316	-0.1898
8.48	-0.4104	-0.2234	-0.1869
8.49	-0.3991	-0.2152	-0.1839
8.5	-0.3876	-0.207	-0.1806
8.51	-0.3759	-0.1987	-0.1772
8.52	-0.3641	-0.1903	-0.1737
8.53	-0.3522	-0.182	-0.1702
8.54	-0.3403	-0.1736	-0.1667
8.55	-0.3285	-0.1651	-0.1634
8.56	-0.3169	-0.1567	-0.1602
8.57	-0.3055	-0.1482	-0.1573
8.58	-0.2944	-0.1397	-0.1547
8.59	-0.2837	-0.1312	-0.1526
8.6	-0.2735	-0.1226	-0.1509
8.61	-0.2638	-0.114	-0.1497
8.62	-0.2545	-0.1054	-0.1491
8.63	-0.2456	-0.09683	-0.1487
8.64	-0.2369	-0.08821	-0.1487
8.65	-0.2283	-0.07958	-0.1488
8.66	-0.2198	-0.07094	-0.1489
8.67	-0.2113	-0.06228	-0.149
8.68	-0.2026	-0.05363	-0.149
8.69	-0.1937	-0.04496	-0.1487
8.7	-0.1844	-0.0363	-0.1481
8.71	-0.1748	-0.02763	-0.1471
8.72	-0.1647	-0.01896	-0.1457
8.73	-0.1542	-0.0103	-0.1439
8.74	-0.1433	-0.001637	-0.1417
8.75	-0.1322	0.007018	-0.1392
8.76	-0.1207	0.01567	-0.1363
8.77	-0.1089	0.0243	-0.1332
8.78	-0.09689	0.03293	-0.1298
8.79	-0.08463	0.04154	-0.1262
8.8	-0.07216	0.05014	-0.1223
8.81	-0.05951	0.05872	-0.1182
8.82	-0.04671	0.06729	-0.114
8.83	-0.03377	0.07583	-0.1096
8.84	-0.02071	0.08435	-0.1051
8.85	-0.007565	0.09285	-0.1004
8.86	0.005649	0.1013	-0.09567
8.87	0.01891	0.1098	-0.09086
8.88	0.03219	0.1182	-0.08599
8.89	0.04548	0.1266	-0.08109
8.9	0.05874	0.1349	-0.07618
8.91	0.07195	0.1432	-0.07128
8.92	0.08507	0.1515	-0.06645
8.93	0.09803	0.1598	-0.06173
8.94	0.1108	0.168	-0.05718
8.95	0.1233	0.1761	-0.05285
8.96	0.1355	0.1843	-0.04878
8.97	0.1473	0.1923	-0.04504
8.98	0.1587	0.2004	-0.04168
8.99	0.1696	0.2084	-0.03874
9	0.18	0.2163	-0.03629
9.01	0.1898	0.2242	-0.03434
9.02	0.1992	0.232	-0.03282
9.03	0.2081	0.2398	-0.03164
9.04	0.2168	0.2475	-0.03068
9.05	0.2253	0.2552	-0.02985
9.06	0.2337	0.2628	-0.02905
9.07	0.2421	0.2703	-0.02819
9.08	0.2507	0.2778	-0.02714
9.09	0.2594	0.2852	-0.02583
9.1	0.2685	0.2926	-0.02414
9.11	0.2779	0.2999	-0.022
9.12	0.2877	0.3071	-0.01944
9.13	0.2978	0.3143	-0.01651
9.14	0.3081	0.3213	-0.01325
9.15	0.3186	0.3284	-0.009713
9.16	0.3293	0.3353	-0.005955
9.17	0.3401	0.3422	-0.002023
9.18	0.351	0.3489	0.002033
9.19	0.3618	0.3557	0.006163
9.2	0.3726	0.3623	0.01032
9.21	0.3833	0.3688	0.01445
9.22	0.3938	0.3753	0.01854
9.23	0.4043	0.3817	0.02257
9.24	0.4145	0.388	0.02651
9.25	0.4246	0.3942	0.03036
9.26	0.4344	0.4003	0.0341
9.27	0.4441	0.4064	0.0377
9.28	0.4535	0.4123	0.04115
9.29	0.4626	0.4182	0.04444
9.3	0.4715	0.424	0.04753
9.31	0.4801	0.4297	0.05043
9.32	0.4883	0.4352	0.0531
9.33	0.4963	0.4407	0.05554
9.34	0.5039	0.4461	0.05774
9.35	0.5111	0.4514	0.05968
9.36	0.518	0.4566	0.06134
9.37	0.5245	0.4617	0.06272
9.38	0.5305	0.4668	0.06379
9.39	0.5362	0.4717	0.06455
9.4	0.5414	0.4765	0.06498
9.41	0.5462	0.4812	0.06508
9.42	0.5507	0.4858	0.06492
9.43	0.5548	0.4903	0.06457
9.44	0.5588	0.4946	0.06411
9.45	0.5626	0.4989	0.06363
9.46	0.5663	0.5031	0.06321
9.47	0.5701	0.5072	0.06291
9.48	0.574	0.5111	0.06283
9.49	0.578	0.515	0.06304
9.5	0.5824	0.5187	0.06362
9.51	0.587	0.5224	0.06463
9.52	0.5919	0.5259	0.06606
9.53	0.5972	0.5293	0.06787
9.54	0.6026	0.5326	0.07002
9.55	0.6083	0.5358	0.0725
9.56	0.6141	0.5388	0.07525
9.57	0.6201	0.5418	0.07825
9.58	0.6261	0.5447	0.08147
9.59	0.6322	0.5474	0.08486
9.6	0.6384	0.55	0.08841
9.61	0.6446	0.5525	0.09207
9.62	0.6507	0.5549	0.09585
9.63	0.6569	0.5571	0.09977
9.64	0.6631	0.5593	0.1038
9.65	0.6693	0.5613	0.108
9.66	0.6756	0.5632	0.1124
9.67	0.6819	0.565	0.1169
9.68	0.6883	0.5667	0.1216
9.69	0.6948	0.5683	0.1265
9.7	0.7013	0.5697	0.1316
9.71	0.7079	0.571	0.1369
9.72	0.7145	0.5722	0.1422
9.73	0.7209	0.5733	0.1476
9.74	0.7271	0.5743	0.1528
9.75	0.7329	0.5751	0.1578
9.76	0.7382	0.5759	0.1624
9.77	0.743	0.5765	0.1665
9.78	0.747	0.5769	0.1701
9.79	0.7503	0.5773	0.173
9.8	0.7526	0.5776	0.1751
9.81	0.754	0.5777	0.1763
9.82	0.7545	0.5777	0.1768
9.83	0.7543	0.5776	0.1767
9.84	0.7535	0.5774	0.1761
9.85	0.7523	0.577	0.1753
9.86	0.751	0.5766	0.1744
9.87	0.7495	0.576	0.1736
9.88	0.7482	0.5753	0.1729
9.89	0.7471	0.5745	0.1727
9.9	0.7465	0.5735	0.1729
9.91	0.7463	0.5725	0.1739
9.92	0.7466	0.5713	0.1753
9.93	0.7472	0.57	0.1772
9.94	0.7478	0.5686	0.1792
9.95	0.7484	0.5671	0.1814
9.96	0.7488	0.5654	0.1834
9.97	0.7488	0.5637	0.1851
9.98	0.7483	0.5618	0.1865
9.99	0.7471	0.5599	0.1872
10	0.745	0.5578	0.1872
10.01	0.7419	0.5556	0.1864
10.02	0.738	0.5532	0.1847
10.03	0.7332	0.5508	0.1824
10.04	0.7277	0.5483	0.1795
10.05	0.7217	0.5456	0.176
10.06	0.7151	0.5429	0.1722
10.07	0.7081	0.54	0.1681
10.08	0.7008	0.537	0.1638
10.09	0.6933	0.5339	0.1594
10.1	0.6858	0.5307	0.1551
10.11	0.6782	0.5274	0.1508
10.12	0.6706	0.524	0.1466
10.13	0.6629	0.5205	0.1423
10.14	0.6549	0.5169	0.138
10.15	0.6467	0.5132	0.1335
10.16	0.6382	0.5094	0.1289
10.17	0.6294	0.5055	0.1239
10.18	0.62	0.5014	0.1186
10.19	0.6102	0.4973	0.1129
10.2	0.5998	0.4931	0.1067
10.21	0.5887	0.4888	0.09991
10.22	0.5771	0.4844	0.0927
10.23	0.565	0.4799	0.08508
10.24	0.5524	0.4753	0.07714
10.25	0.5395	0.4706	0.06896
10.26	0.5264	0.4658	0.0606
10.27	0.5131	0.4609	0.05216
10.28	0.4996	0.456	0.04369
10.29	0.4862	0.4509	0.03529
10.3	0.4728	0.4458	0.02701
10.31	0.4595	0.4405	0.01892
10.32	0.4462	0.4352	0.01095
10.33	0.4328	0.4298	0.003
10.34	0.4193	0.4243	-0.005026
10.35	0.4055	0.4188	-0.01322
10.36	0.3914	0.4131	-0.02168
10.37	0.3769	0.4074	-0.03051
10.38	0.3618	0.4016	-0.03978
10.39	0.3461	0.3957	-0.04961
10.4	0.3297	0.3898	-0.06009
10.41	0.3125	0.3837	-0.07125
10.42	0.2947	0.3776	-0.08292
10.43	0.2766	0.3715	-0.09487
10.44	0.2584	0.3652	-0.1069
10.45	0.2402	0.3589	-0.1187
10.46	0.2225	0.3525	-0.1301
10.47	0.2053	0.3461	-0.1408
10.48	0.1889	0.3396	-0.1506
10.49	0.1736	0.333	-0.1594
10.5	0.1596	0.3264	-0.1668
10.51	0.147	0.3197	-0.1727
10.52	0.1358	0.3129	-0.1772
10.53	0.1256	0.3061	-0.1805
10.54	0.1164	0.2993	-0.1829
10.55	0.1079	0.2923	-0.1845
10.56	0.09986	0.2854	-0.1855
10.57	0.09216	0.2783	-0.1862
10.58	0.08457	0.2713	-0.1867
10.59	0.07688	0.2642	-0.1873
10.6	0.0689	0.257	-0.1881
10.61	0.06047	0.2498	-0.1893
10.62	0.05164	0.2425	-0.1909
10.63	0.04252	0.2352	-0.1927
10.64	0.03319	0.2279	-0.1947
10.65	0.02376	0.2205	-0.1967
10.66	0.01433	0.2131	-0.1988
10.67	0.005005	0.2056	-0.2006
10.68	-0.004127	0.1982	-0.2023
10.69	-0.01296	0.1906	-0.2036
10.7	-0.0214	0.1831	-0.2045
10.71	-0.02936	0.1755	-0.2049
10.72	-0.03682	0.1679	-0.2047
10.73	-0.0438	0.1603	-0.2041
10.74	-0.05027	0.1526	-0.2029
10.75	-0.05626	0.1449	-0.2012
10.76	-0.06175	0.1372	-0.199
10.77	-0.06676	0.1295	-0.1963
10.78	-0.07127	0.1218	-0.1931
10.79	-0.0753	0.114	-0.1893
10.8	-0.07884	0.1063	-0.1851
10.81	-0.08192	0.09847	-0.1804
10.82	-0.08467	0.09068	-0.1753
10.83	-0.08724	0.08288	-0.1701
10.84	-0.08979	0.07506	-0.1649
10.85	-0.09247	0.06725	-0.1597
10.86	-0.09545	0.05942	-0.1549
10.87	-0.09887	0.0516	-0.1505
10.88	-0.1029	0.04377	-0.1467
10.89	-0.1077	0.03594	-0.1436
10.9	-0.1134	0.02812	-0.1415
10.91	-0.1201	0.02029	-0.1403
10.92	-0.1276	0.01247	-0.1401
10.93	-0.1359	0.004662	-0.1405
10.94	-0.1446	-0.003141	-0.1414
10.95	-0.1536	-0.01094	-0.1426
10.96	-0.1626	-0.01872	-0.1439
10.97	-0.1716	-0.02649	-0.1451
10.98	-0.1802	-0.03424	-0.146
10.99	-0.1884	-0.04198	-0.1464
11	-0.1958	-0.0497	-0.1461
11.01	-0.2024	-0.0574	-0.145
11.02	-0.2081	-0.06508	-0.143
11.03	-0.213	-0.07274	-0.1402
11.04	-0.2172	-0.08038	-0.1368
11.05	-0.2207	-0.08798	-0.1327
11.06	-0.2235	-0.09557	-0.128
11.07	-0.2258	-0.1031	-0.1227
11.08	-0.2276	-0.1106	-0.1169
11.09	-0.2289	-0.1181	-0.1107
11.1	-0.2298	-0.1256	-0.1042
11.11	-0.2303	-0.133	-0.0973
11.12	-0.2306	-0.1404	-0.09016
11.13	-0.2306	-0.1477	-0.08284
11.14	-0.2304	-0.1551	-0.07538
11.15	-0.2302	-0.1623	-0.06787
11.16	-0.2299	-0.1695	-0.06035
11.17	-0.2296	-0.1767	-0.05291
11.18	-0.2295	-0.1839	-0.04559
11.19	-0.2294	-0.191	-0.03847
11.2	-0.2296	-0.198	-0.03161
11.21	-0.2301	-0.205	-0.02507
11.22	-0.2308	-0.2119	-0.0189
11.23	-0.232	-0.2188	-0.01315
11.24	-0.2335	-0.2256	-0.007876
11.25	-0.2355	-0.2324	-0.003118
11.26	-0.2381	-0.2392	0.001075
11.27	-0.2412	-0.2458	0.004651
11.28	-0.2449	-0.2524	0.007565
11.29	-0.2492	-0.259	0.009765
11.3	-0.2542	-0.2655	0.01121
11.31	-0.26	-0.2719	0.01187
11.32	-0.2663	-0.2782	0.01189
11.33	-0.2731	-0.2845	0.01143
11.34	-0.2801	-0.2908	0.01066
11.35	-0.2872	-0.2969	0.009733
11.36	-0.2942	-0.303	0.008819
11.37	-0.3009	-0.309	0.008081
11.38	-0.3073	-0.315	0.007685
11.39	-0.313	-0.3208	0.007795
11.4	-0.3181	-0.3266	0.008575
11.41	-0.3222	-0.3324	0.01015
11.42	-0.3255	-0.338	0.01246
11.43	-0.3281	-0.3436	0.01543
11.44	-0.3301	-0.3491	0.01896
11.45	-0.3315	-0.3545	0.02296
11.46	-0.3325	-0.3598	0.02734
11.47	-0.3331	-0.3651	0.03201
11.48	-0.3334	-0.3702	0.03688
11.49	-0.3335	-0.3753	0.04185
11.5	-0.3335	-0.3803	0.04684
11.51	-0.3335	-0.3853	0.05176
11.52	-0.3335	-0.3901	0.05659
11.53	-0.3335	-0.3948	0.06129
11.54	-0.3336	-0.3995	0.06586
11.55	-0.3338	-0.4041	0.07027
11.56	-0.334	-0.4085	0.07449
11.57	-0.3344	-0.4129	0.07851
11.58	-0.3349	-0.4172	0.08231
11.59	-0.3356	-0.4214	0.08585
11.6	-0.3364	-0.4255	0.08913
11.61	-0.3374	-0.4295	0.09212
11.62	-0.3386	-0.4335	0.09485
11.63	-0.34	-0.4373	0.09735
11.64	-0.3414	-0.441	0.09963
11.65	-0.3429	-0.4447	0.1017
11.66	-0.3445	-0.4482	0.1037
11.67	-0.3462	-0.4516	0.1055
11.68	-0.3478	-0.455	0.1072
11.69	-0.3494	-0.4582	0.1088
11.7	-0.351	-0.4614	0.1104
11.71	-0.3525	-0.4644	0.1119
11.72	-0.3539	-0.4674	0.1134
11.73	-0.3553	-0.4702	0.1149
11.74	-0.3567	-0.473	0.1163
11.75	-0.358	-0.4756	0.1176
11.76	-0.3593	-0.4781	0.1188
11.77	-0.3606	-0.4806	0.12
11.78	-0.3619	-0.4829	0.121
11.79	-0.3633	-0.4851	0.1219
11.8	-0.3646	-0.4872	0.1226
11.81	-0.366	-0.4893	0.1232
11.82	-0.3674	-0.4912	0.1237
11.83	-0.3689	-0.493	0.1241
11.84	-0.3702	-0.4947	0.1245
11.85	-0.3715	-0.4963	0.1248
11.86	-0.3727	-0.4978	0.1251
11.87	-0.3738	-0.4992	0.1254
11.88	-0.3748	-0.5005	0.1257
11.89	-0.3755	-0.5017	0.1261
11.9	-0.376	-0.5027	0.1267
11.91	-0.3764	-0.5037	0.1273
11.92	-0.3765	-0.5045	0.128
11.93	-0.3766	-0.5053	0.1287
11.94	-0.3768	-0.5059	0.1292
11.95	-0.377	-0.5065	0.1295
11.96	-0.3774	-0.5069	0.1295
11.97	-0.3781	-0.5073	0.1291
11.98	-0.3792	-0.5075	0.1283
11.99	-0.3807	-0.5076	0.1269
12	-0.3828	-0.5076	0.1248
12.01	-0.3855	-0.5075	0.122
12.02	-0.3886	-0.5073	0.1187
12.03	-0.392	-0.507	0.115
12.04	-0.3955	-0.5066	0.1111
12.05	-0.3989	-0.5061	0.1072
12.06	-0.4021	-0.5054	0.1034
12.07	-0.4049	-0.5047	0.09986
12.08	-0.407	-0.5039	0.09684
12.09	-0.4085	-0.5029	0.09447
12.1	-0.409	-0.5019	0.09293
12.11	-0.4084	-0.5008	0.09232
12.12	-0.4071	-0.4995	0.09245
12.13	-0.4051	-0.4982	0.09305
12.14	-0.4029	-0.4967	0.09386
12.15	-0.4006	-0.4952	0.09461
12.16	-0.3985	-0.4935	0.09504
12.17	-0.3969	-0.4918	0.09487
12.18	-0.3961	-0.4899	0.09385
12.19	-0.3962	-0.4879	0.0917
12.2	-0.3977	-0.4859	0.08817
12.21	-0.4006	-0.4837	0.0831
12.22	-0.4048	-0.4815	0.07673
12.23	-0.4097	-0.4791	0.06945
12.24	-0.4151	-0.4767	0.0616
12.25	-0.4206	-0.4741	0.05357
12.26	-0.4258	-0.4715	0.04571
12.27	-0.4304	-0.4688	0.0384
12.28	-0.434	-0.4659	0.03199
12.29	-0.4362	-0.463	0.02686
12.3	-0.4366	-0.46	0.02336
12.31	-0.4352	-0.4569	0.02174
12.32	-0.4319	-0.4537	0.02177
12.33	-0.4274	-0.4504	0.02306
12.34	-0.4218	-0.447	0.02525
12.35	-0.4156	-0.4436	0.02798
12.36	-0.4091	-0.44	0.03087
12.37	-0.4028	-0.4364	0.03357
12.38	-0.3969	-0.4326	0.0357
12.39	-0.3919	-0.4288	0.0369
12.4	-0.3881	-0.4249	0.03679
12.41	-0.3858	-0.4209	0.03511
12.42	-0.3849	-0.4169	0.03196
12.43	-0.3852	-0.4127	0.02754
12.44	-0.3864	-0.4085	0.02205
12.45	-0.3885	-0.4042	0.01568
12.46	-0.3911	-0.3998	0.008643
12.47	-0.3942	-0.3953	0.001124
12.48	-0.3974	-0.3908	-0.006673
12.49	-0.4007	-0.3861	-0.01455
12.5	-0.4037	-0.3814	-0.02231
12.51	-0.4064	-0.3767	-0.02977
12.52	-0.4087	-0.3718	-0.03688
12.53	-0.4105	-0.3669	-0.0436
12.54	-0.4118	-0.3619	-0.04988
12.55	-0.4126	-0.3569	-0.0557
12.56	-0.4128	-0.3518	-0.061
12.57	-0.4123	-0.3466	-0.06576
12.58	-0.4112	-0.3413	-0.06993
12.59	-0.4095	-0.336	-0.07349
12.6	-0.407	-0.3306	-0.07637
12.61	-0.4038	-0.3252	-0.07859
12.62	-0.3999	-0.3197	-0.08026
12.63	-0.3956	-0.3141	-0.08151
12.64	-0.391	-0.3085	-0.0825
12.65	-0.3861	-0.3028	-0.08337
12.66	-0.3813	-0.297	-0.08426
12.67	-0.3766	-0.2912	-0.08532
12.68	-0.3721	-0.2854	-0.08669
12.69	-0.368	-0.2795	-0.08852
12.7	-0.3645	-0.2735	-0.09095
12.71	-0.3616	-0.2675	-0.09407
12.72	-0.3593	-0.2615	-0.09776
12.73	-0.3573	-0.2554	-0.1019
12.74	-0.3555	-0.2493	-0.1062
12.75	-0.3537	-0.2431	-0.1106
12.76	-0.3518	-0.2368	-0.1149
12.77	-0.3495	-0.2306	-0.1189
12.78	-0.3468	-0.2243	-0.1225
12.79	-0.3434	-0.2179	-0.1255
12.8	-0.3392	-0.2115	-0.1277
12.81	-0.3341	-0.2051	-0.129
12.82	-0.328	-0.1986	-0.1294
12.83	-0.3213	-0.1921	-0.1291
12.84	-0.3139	-0.1856	-0.1283
12.85	-0.306	-0.1791	-0.1269
12.86	-0.2977	-0.1725	-0.1252
12.87	-0.2892	-0.1659	-0.1233
12.88	-0.2805	-0.1592	-0.1213
12.89	-0.2718	-0.1526	-0.1192
12.9	-0.2632	-0.1459	-0.1173
12.91	-0.2547	-0.1392	-0.1156
12.92	-0.2465	-0.1324	-0.1141
12.93	-0.2386	-0.1257	-0.1129
12.94	-0.2308	-0.1189	-0.1119
12.95	-0.2232	-0.1121	-0.1111
12.96	-0.2159	-0.1053	-0.1105
12.97	-0.2087	-0.09852	-0.1102
12.98	-0.2018	-0.0917	-0.1101
12.99	-0.195	-0.08486	-0.1102
13	-0.1885	-0.07802	-0.1105
13.01	-0.1822	-0.07117	-0.111
13.02	-0.1759	-0.06431	-0.1116
13.03	-0.1698	-0.05744	-0.1124
13.04	-0.1637	-0.05058	-0.1132
13.05	-0.1576	-0.04371	-0.1139
13.06	-0.1514	-0.03684	-0.1145
13.07	-0.145	-0.02997	-0.1151
13.08	-0.1384	-0.0231	-0.1153
13.09	-0.1316	-0.01624	-0.1154
13.1	-0.1245	-0.00938	-0.1151
13.11	-0.1169	-0.002529	-0.1144
13.12	-0.1091	0.004315	-0.1134
13.13	-0.101	0.01115	-0.1122
13.14	-0.09278	0.01797	-0.1108
13.15	-0.08443	0.02478	-0.1092
13.16	-0.07605	0.03158	-0.1076
13.17	-0.0677	0.03836	-0.1061
13.18	-0.05946	0.04513	-0.1046
13.19	-0.05139	0.05188	-0.1033
13.2	-0.04356	0.05861	-0.1022
13.21	-0.03601	0.06532	-0.1013
13.22	-0.02866	0.072	-0.1007
13.23	-0.02138	0.07867	-0.1001
13.24	-0.01407	0.08531	-0.09937
13.25	-0.006594	0.09192	-0.09851
13.26	0.001154	0.09851	-0.09735
13.27	0.009294	0.1051	-0.09577
13.28	0.01794	0.1116	-0.09365
13.29	0.02722	0.1181	-0.09087
13.3	0.03724	0.1245	-0.08731
13.31	0.04807	0.131	-0.08291
13.32	0.05959	0.1374	-0.07778
13.33	0.07162	0.1437	-0.07211
13.34	0.08399	0.15	-0.06606
13.35	0.09652	0.1563	-0.05981
13.36	0.109	0.1626	-0.05354
13.37	0.1214	0.1688	-0.04742
13.38	0.1333	0.1749	-0.04161
13.39	0.1447	0.181	-0.03631
13.4	0.1554	0.1871	-0.03167
13.41	0.1653	0.1931	-0.02782
13.42	0.1744	0.1991	-0.0247
13.43	0.1828	0.205	-0.02218
13.44	0.1907	0.2109	-0.02015
13.45	0.1982	0.2167	-0.01849
13.46	0.2054	0.2225	-0.01707
13.47	0.2124	0.2282	-0.01578
13.48	0.2194	0.2339	-0.0145
13.49	0.2264	0.2395	-0.0131
13.5	0.2336	0.245	-0.01148
13.51	0.241	0.2505	-0.009538
13.52	0.2487	0.256	-0.007296
13.53	0.2565	0.2613	-0.004801
13.54	0.2645	0.2666	-0.002104
13.55	0.2726	0.2719	0.0007468
13.56	0.2808	0.2771	0.003703
13.57	0.2889	0.2822	0.006717
13.58	0.297	0.2873	0.009738
13.59	0.305	0.2923	0.01272
13.6	0.3128	0.2972	0.01561
13.61	0.3204	0.302	0.01837
13.62	0.3278	0.3068	0.02098
13.63	0.335	0.3116	0.02344
13.64	0.3419	0.3162	0.02573
13.65	0.3486	0.3208	0.02785
13.66	0.3551	0.3253	0.02979
13.67	0.3613	0.3297	0.03154
13.68	0.3672	0.3341	0.03308
13.69	0.3728	0.3384	0.03442
13.7	0.3781	0.3426	0.03554
13.71	0.3832	0.3467	0.03644
13.72	0.3879	0.3508	0.03714
13.73	0.3924	0.3547	0.03767
13.74	0.3967	0.3586	0.03807
13.75	0.4008	0.3625	0.03835
13.76	0.4048	0.3662	0.03856
13.77	0.4086	0.3699	0.03871
13.78	0.4123	0.3734	0.03884
13.79	0.4159	0.3769	0.03898
13.8	0.4195	0.3804	0.03916
13.81	0.4231	0.3837	0.03939
13.82	0.4266	0.3869	0.03968
13.83	0.4301	0.3901	0.04
13.84	0.4335	0.3932	0.04034
13.85	0.4369	0.3962	0.04068
13.86	0.4401	0.3991	0.04101
13.87	0.4432	0.4019	0.04131
13.88	0.4462	0.4046	0.04157
13.89	0.4491	0.4073	0.04177
13.9	0.4517	0.4099	0.0419
13.91	0.4543	0.4123	0.04195
13.92	0.4567	0.4147	0.04194
13.93	0.4589	0.417	0.04194
13.94	0.4612	0.4192	0.04198
13.95	0.4634	0.4213	0.04209
13.96	0.4657	0.4234	0.04234
13.97	0.468	0.4253	0.04275
13.98	0.4705	0.4271	0.04338
13.99	0.4732	0.4289	0.04426
14	0.476	0.4306	0.04544
14.01	0.4791	0.4321	0.04695
14.02	0.4824	0.4336	0.04877
14.03	0.4859	0.435	0.05087
14.04	0.4895	0.4363	0.05323
14.05	0.4933	0.4375	0.05581
14.06	0.4972	0.4386	0.05859
14.07	0.5012	0.4397	0.06153
14.08	0.5052	0.4406	0.06461
14.09	0.5092	0.4414	0.06779
14.1	0.5132	0.4422	0.07106
14.11	0.5172	0.4428	0.07436
14.12	0.5211	0.4434	0.07767
14.13	0.5248	0.4439	0.08095
14.14	0.5284	0.4443	0.08414
14.15	0.5318	0.4445	0.08721
14.16	0.5349	0.4447	0.09012
14.17	0.5377	0.4448	0.09282
14.18	0.5401	0.4449	0.09527
14.19	0.5422	0.4448	0.09742
14.2	0.5439	0.4446	0.09925
14.21	0.545	0.4444	0.1007
14.22	0.5458	0.444	0.1018
14.23	0.546	0.4436	0.1024
14.24	0.5457	0.443	0.1027
14.25	0.545	0.4424	0.1026
14.26	0.5437	0.4417	0.102
14.27	0.5419	0.4409	0.101
14.28	0.5396	0.44	0.09962
14.29	0.5368	0.439	0.09777
14.3	0.5334	0.4379	0.09547
14.31	0.5295	0.4368	0.09272
14.32	0.5251	0.4355	0.08963
14.33	0.5205	0.4342	0.08631
14.34	0.5156	0.4328	0.08286
14.35	0.5106	0.4312	0.0794
14.36	0.5057	0.4296	0.07603
14.37	0.5008	0.428	0.07287
14.38	0.4962	0.4262	0.07004
14.39	0.492	0.4243	0.06763
14.4	0.4882	0.4224	0.06577
14.41	0.4849	0.4204	0.06453
14.42	0.4821	0.4183	0.06386
14.43	0.4798	0.4161	0.06369
14.44	0.4777	0.4138	0.06394
14.45	0.476	0.4114	0.06453
14.46	0.4744	0.409	0.06538
14.47	0.4729	0.4065	0.06642
14.48	0.4715	0.4039	0.06757
14.49	0.47	0.4012	0.06875
14.5	0.4683	0.3985	0.06989
14.51	0.4665	0.3956	0.0709
14.52	0.4645	0.3927	0.07176
14.53	0.4622	0.3897	0.07244
14.54	0.4596	0.3867	0.07292
14.55	0.4567	0.3835	0.07315
14.56	0.4534	0.3803	0.07312
14.57	0.4498	0.377	0.0728
14.58	0.4458	0.3737	0.07215
14.59	0.4414	0.3703	0.07115
14.6	0.4365	0.3668	0.06978
14.61	0.4312	0.3632	0.06801
14.62	0.4254	0.3596	0.06588
14.63	0.4193	0.3558	0.06343
14.64	0.4128	0.3521	0.0607
14.65	0.406	0.3482	0.05774
14.66	0.3989	0.3443	0.05459
14.67	0.3916	0.3403	0.05129
14.68	0.3842	0.3363	0.04788
14.69	0.3766	0.3322	0.04441
14.7	0.369	0.328	0.04092
14.71	0.3613	0.3238	0.03745
14.72	0.3535	0.3195	0.03401
14.73	0.3458	0.3152	0.0306
14.74	0.338	0.3108	0.02724
14.75	0.3303	0.3063	0.02392
14.76	0.3225	0.3018	0.02066
14.77	0.3147	0.2973	0.01747
14.78	0.307	0.2926	0.01434
14.79	0.2993	0.288	0.01129
14.8	0.2916	0.2832	0.008326
14.81	0.2839	0.2785	0.005448
14.82	0.2763	0.2736	0.002662
14.83	0.2687	0.2687	-2.707e-05
14.84	0.2612	0.2638	-0.002615
14.85	0.2538	0.2589	-0.005097
14.86	0.2464	0.2538	-0.007471
14.87	0.239	0.2488	-0.009732
14.88	0.2318	0.2437	-0.01188
14.89	0.2246	0.2385	-0.0139
14.9	0.2175	0.2333	-0.0158
14.91	0.2105	0.2281	-0.01756
14.92	0.2036	0.2228	-0.0192
14.93	0.1969	0.2175	-0.02068
14.94	0.1902	0.2122	-0.02202
14.95	0.1836	0.2068	-0.0232
14.96	0.1772	0.2014	-0.02421
14.97	0.1709	0.196	-0.02505
14.98	0.1648	0.1905	-0.02571
14.99	0.1588	0.185	-0.02618
15	0.153	0.1795	-0.02646
15.01	0.1474	0.1739	-0.02655
15.02	0.1418	0.1683	-0.02649
15.03	0.1364	0.1627	-0.02634
15.04	0.1309	0.1571	-0.02616
15.05	0.1254	0.1514	-0.02601
15.06	0.1198	0.1457	-0.02594
15.07	0.114	0.14	-0.02601
15.08	0.108	0.1343	-0.02629
15.09	0.1017	0.1285	-0.02681
15.1	0.09513	0.1228	-0.02765
15.11	0.08816	0.117	-0.02885
15.12	0.08087	0.1112	-0.03035
15.13	0.07331	0.1054	-0.0321
15.14	0.06556	0.0996	-0.03404
15.15	0.05766	0.09377	-0.03611
15.16	0.04969	0.08794	-0.03825
15.17	0.0417	0.08209	-0.0404
15.18	0.03375	0.07624	-0.04249
15.19	0.02591	0.07038	-0.04447
15.2	0.01824	0.06452	-0.04628
15.21	0.01079	0.05866	-0.04786
15.22	0.003594	0.05279	-0.04919
15.23	-0.003337	0.04692	-0.05025
15.24	-0.009984	0.04105	-0.05103
15.25	-0.01633	0.03518	-0.0515
15.26	-0.02235	0.02931	-0.05166
15.27	-0.02803	0.02345	-0.05148
15.28	-0.03335	0.01759	-0.05094
15.29	-0.03829	0.01174	-0.05003
15.3	-0.04284	0.0059	-0.04874
15.31	-0.04699	6.505e-05	-0.04706
15.32	-0.0508	-0.00576	-0.04505
15.33	-0.05436	-0.01157	-0.04279
15.34	-0.05774	-0.01738	-0.04036
15.35	-0.06101	-0.02316	-0.03784
15.36	-0.06425	-0.02894	-0.03532
15.37	-0.06755	-0.0347	-0.03286
15.38	-0.07098	-0.04044	-0.03055
15.39	-0.07462	-0.04616	-0.02846
15.4	-0.07854	-0.05186	-0.02668
15.41	-0.0828	-0.05755	-0.02526
15.42	-0.08739	-0.06321	-0.02418
15.43	-0.09224	-0.06885	-0.0234
15.44	-0.09733	-0.07446	-0.02287
15.45	-0.1026	-0.08005	-0.02255
15.46	-0.108	-0.08561	-0.0224
15.47	-0.1135	-0.09115	-0.02238
15.48	-0.1191	-0.09666	-0.02243
15.49	-0.1247	-0.1021	-0.02253
15.5	-0.1302	-0.1076	-0.02261
15.51	-0.1357	-0.113	-0.02266
15.52	-0.141	-0.1184	-0.02263
15.53	-0.1463	-0.1237	-0.02252
15.54	-0.1513	-0.1291	-0.0223
15.55	-0.1563	-0.1343	-0.02196
15.56	-0.161	-0.1396	-0.02147
15.57	-0.1656	-0.1448	-0.02082
15.58	-0.1699	-0.1499	-0.01998
15.59	-0.174	-0.1551	-0.01895
15.6	-0.1778	-0.1601	-0.01769
15.61	-0.1814	-0.1652	-0.01621
15.62	-0.1847	-0.1702	-0.01454
15.63	-0.1879	-0.1751	-0.01276
15.64	-0.191	-0.1801	-0.01092
15.65	-0.194	-0.1849	-0.009067
15.66	-0.197	-0.1897	-0.007275
15.67	-0.2001	-0.1945	-0.0056
15.68	-0.2033	-0.1992	-0.0041
15.69	-0.2067	-0.2039	-0.002834
15.7	-0.2104	-0.2085	-0.001862
15.71	-0.2143	-0.2131	-0.00123
15.72	-0.2185	-0.2176	-0.0009253
15.73	-0.223	-0.2221	-0.0009249
15.74	-0.2277	-0.2265	-0.001204
15.75	-0.2326	-0.2308	-0.001737
15.76	-0.2376	-0.2351	-0.002501
15.77	-0.2428	-0.2394	-0.00347
15.78	-0.2482	-0.2436	-0.00462
15.79	-0.2536	-0.2477	-0.005925
15.8	-0.2591	-0.2518	-0.007363
15.81	-0.2647	-0.2558	-0.008909
15.82	-0.2703	-0.2597	-0.01055
15.83	-0.2759	-0.2636	-0.01228
15.84	-0.2815	-0.2674	-0.01408
15.85	-0.2871	-0.2712	-0.01594
15.86	-0.2927	-0.2749	-0.01785
15.87	-0.2983	-0.2785	-0.0198
15.88	-0.3039	-0.2821	-0.02177
15.89	-0.3094	-0.2856	-0.02377
15.9	-0.3148	-0.2891	-0.02576
15.91	-0.3202	-0.2924	-0.02775
15.92	-0.3255	-0.2957	-0.02973
15.93	-0.3307	-0.299	-0.03167
15.94	-0.3357	-0.3022	-0.03357
15.95	-0.3407	-0.3053	-0.03542
15.96	-0.3455	-0.3083	-0.0372
15.97	-0.3502	-0.3113	-0.03891
15.98	-0.3547	-0.3142	-0.04053
15.99	-0.359	-0.317	-0.04205
16	-0.3632	-0.3197	-0.04346
