0.5	-0.9152	0.5358	-1.451
0.51	-0.8631	0.517	-1.38
0.52	-0.8109	0.4987	-1.31
0.53	-0.7585	0.481	-1.239
0.54	-0.7053	0.4639	-1.169
0.55	-0.6509	0.4473	-1.098
0.56	-0.595	0.4315	-1.026
0.57	-0.5378	0.4162	-0.954
0.58	-0.4794	0.4017	-0.8811
0.59	-0.42	0.3878	-0.8078
0.6	-0.3597	0.3746	-0.7343
0.61	-0.2986	0.3621	-0.6607
0.62	-0.2371	0.3502	-0.5873
0.63	-0.1751	0.339	-0.5141
0.64	-0.1128	0.3285	-0.4413
0.65	-0.05021	0.3185	-0.3687
0.66	0.01269	0.3092	-0.2965
0.67	0.07588	0.3004	-0.2245
0.68	0.1393	0.2922	-0.1529
0.69	0.2028	0.2845	-0.08168
0.7	0.266	0.2773	-0.01129
0.71	0.3286	0.2706	0.05796
0.72	0.3903	0.2644	0.1259
0.73	0.4509	0.2585	0.1924
0.74	0.5103	0.253	0.2572
0.75	0.5683	0.2479	0.3203
0.76	0.6246	0.2432	0.3815
0.77	0.6788	0.2387	0.4401
0.78	0.7301	0.2346	0.4955
0.79	0.7782	0.2307	0.5475
0.8	0.8231	0.2271	0.596
0.81	0.8646	0.2237	0.641
0.82	0.9027	0.2205	0.6822
0.83	0.9371	0.2175	0.7197
0.84	0.9678	0.2147	0.7531
0.85	0.9943	0.212	0.7823
0.86	1.017	0.2095	0.8071
0.87	1.035	0.2072	0.8274
0.88	1.048	0.2049	0.8433
0.89	1.058	0.2028	0.8551
0.9	1.064	0.2008	0.8634
0.91	1.068	0.1988	0.8691
0.92	1.07	0.197	0.8727
0.93	1.07	0.1952	0.8746
0.94	1.069	0.1934	0.8753
0.95	1.066	0.1917	0.8745
0.96	1.062	0.19	0.8724
0.97	1.057	0.1883	0.8691
0.98	1.052	0.1866	0.8649
0.99	1.046	0.1849	0.8607
1	1.041	0.1832	0.8577
1.01	1.039	0.1815	0.8572
1.02	1.04	0.1797	0.8606
1.03	1.047	0.1778	0.8689
1.04	1.059	0.1759	0.8833
1.05	1.078	0.1739	0.9042
1.06	1.104	0.1718	0.9325
1.07	1.139	0.1696	0.9689
1.08	1.182	0.1673	1.014
1.09	1.235	0.1648	1.07
1.1	1.299	0.1623	1.136
1.11	1.375	0.1595	1.216
1.12	1.467	0.1567	1.31
1.13	1.575	0.1536	1.421
1.14	1.702	0.1505	1.551
1.15	1.849	0.1471	1.701
1.16	2.016	0.1436	1.872
1.17	2.203	0.1399	2.063
1.18	2.41	0.136	2.273
1.19	2.632	0.132	2.5
1.2	2.865	0.1278	2.737
1.21	3.103	0.1234	2.98
1.22	3.339	0.1189	3.22
1.23	3.563	0.1143	3.449
1.24	3.765	0.1095	3.656
1.25	3.933	0.1045	3.828
1.26	4.055	0.09944	3.956
1.27	4.124	0.09425	4.03
1.28	4.133	0.08895	4.044
1.29	4.078	0.08356	3.995
1.3	3.961	0.07808	3.883
1.31	3.785	0.07253	3.712
1.32	3.56	0.06692	3.494
1.33	3.301	0.06126	3.24
1.34	3.021	0.05556	2.965
1.35	2.73	0.04984	2.68
1.36	2.44	0.0441	2.396
1.37	2.159	0.03837	2.12
1.38	1.89	0.03264	1.858
1.39	1.638	0.02693	1.611
1.4	1.404	0.02125	1.383
1.41	1.189	0.01561	1.173
1.42	0.9921	0.01001	0.9821
1.43	0.8129	0.004459	0.8084
1.44	0.6508	-0.001032	0.6519
1.45	0.5053	-0.006461	0.5117
1.46	0.3752	-0.01182	0.3871
1.47	0.2593	-0.01711	0.2764
1.48	0.1557	-0.02233	0.178
1.49	0.06289	-0.02747	0.09036
1.5	-0.02061	-0.03254	0.01193
1.51	-0.09621	-0.03753	-0.05868
1.52	-0.1649	-0.04244	-0.1225
1.53	-0.2276	-0.04728	-0.1803
1.54	-0.2852	-0.05204	-0.2331
1.55	-0.3383	-0.05673	-0.2815
1.56	-0.3876	-0.06135	-0.3262
1.57	-0.4334	-0.06589	-0.3675
1.58	-0.4761	-0.07037	-0.4057
1.59	-0.5157	-0.07478	-0.4409
1.6	-0.5524	-0.07912	-0.4733
1.61	-0.5862	-0.0834	-0.5028
1.62	-0.6172	-0.08762	-0.5295
1.63	-0.6454	-0.09177	-0.5536
1.64	-0.6712	-0.09586	-0.5753
1.65	-0.695	-0.09989	-0.5951
1.66	-0.7171	-0.1039	-0.6132
1.67	-0.7376	-0.1078	-0.6298
1.68	-0.7563	-0.1116	-0.6447
1.69	-0.7732	-0.1154	-0.6579
1.7	-0.7881	-0.119	-0.6691
1.71	-0.801	-0.1227	-0.6784
1.72	-0.8122	-0.1262	-0.686
1.73	-0.8219	-0.1296	-0.6922
1.74	-0.8304	-0.133	-0.6974
1.75	-0.8378	-0.1363	-0.7015
1.76	-0.844	-0.1394	-0.7046
1.77	-0.8488	-0.1424	-0.7064
1.78	-0.8519	-0.1454	-0.7066
1.79	-0.8532	-0.1482	-0.705
1.8	-0.8524	-0.1508	-0.7016
1.81	-0.8495	-0.1533	-0.6961
1.82	-0.8446	-0.1557	-0.6888
1.83	-0.8378	-0.1579	-0.6798
1.84	-0.8292	-0.16	-0.6692
1.85	-0.8189	-0.1619	-0.6571
1.86	-0.8072	-0.1636	-0.6436
1.87	-0.7939	-0.1651	-0.6288
1.88	-0.7794	-0.1665	-0.6129
1.89	-0.7635	-0.1676	-0.5959
1.9	-0.7462	-0.1686	-0.5776
1.91	-0.7273	-0.1693	-0.558
1.92	-0.707	-0.1698	-0.5371
1.93	-0.6852	-0.1702	-0.515
1.94	-0.662	-0.1703	-0.4917
1.95	-0.6374	-0.1702	-0.4672
1.96	-0.6116	-0.17	-0.4416
1.97	-0.5847	-0.1695	-0.4152
1.98	-0.557	-0.1688	-0.3882
1.99	-0.5287	-0.1679	-0.3608
2	-0.5	-0.1668	-0.3332
2.01	-0.4711	-0.1655	-0.3055
2.02	-0.4421	-0.1641	-0.278
2.03	-0.4134	-0.1624	-0.2509
2.04	-0.385	-0.1606	-0.2244
2.05	-0.3572	-0.1586	-0.1985
2.06	-0.3299	-0.1565	-0.1735
2.07	-0.3036	-0.1542	-0.1494
2.08	-0.2785	-0.1518	-0.1267
2.09	-0.255	-0.1492	-0.1058
2.1	-0.2333	-0.1465	-0.0868
2.11	-0.2138	-0.1437	-0.0701
2.12	-0.1964	-0.1408	-0.05558
2.13	-0.1809	-0.1378	-0.04308
2.14	-0.167	-0.1347	-0.0323
2.15	-0.1544	-0.1315	-0.02288
2.16	-0.1429	-0.1283	-0.01455
2.17	-0.1325	-0.125	-0.007498
2.18	-0.1237	-0.1217	-0.002049
2.19	-0.1167	-0.1183	0.001637
2.2	-0.1113	-0.1149	0.003558
2.21	-0.1077	-0.1114	0.003781
2.22	-0.1053	-0.108	0.002641
2.23	-0.104	-0.1045	0.0005354
2.24	-0.1033	-0.101	-0.002282
2.25	-0.1032	-0.09753	-0.005699
2.26	-0.1036	-0.09405	-0.009594
2.27	-0.1044	-0.09058	-0.01379
2.28	-0.1052	-0.08711	-0.01809
2.29	-0.1059	-0.08366	-0.02228
2.3	-0.1064	-0.08022	-0.02615
2.31	-0.1063	-0.07681	-0.0295
2.32	-0.1056	-0.07341	-0.03221
2.33	-0.1043	-0.07003	-0.03422
2.34	-0.1022	-0.06668	-0.03551
2.35	-0.09948	-0.06335	-0.03613
2.36	-0.09617	-0.06004	-0.03613
2.37	-0.09228	-0.05675	-0.03553
2.38	-0.08781	-0.05349	-0.03433
2.39	-0.08273	-0.05025	-0.03248
2.4	-0.07693	-0.04703	-0.0299
2.41	-0.07031	-0.04383	-0.02648
2.42	-0.06269	-0.04066	-0.02203
2.43	-0.0539	-0.0375	-0.0164
2.44	-0.04387	-0.03437	-0.009502
2.45	-0.03263	-0.03126	-0.001373
2.46	-0.0202	-0.02817	0.00797
2.47	-0.006498	-0.0251	0.0186
2.48	0.008566	-0.02206	0.03062
2.49	0.02494	-0.01903	0.04397
2.5	0.04241	-0.01604	0.05845
2.51	0.06078	-0.01307	0.07384
2.52	0.07983	-0.01013	0.08995
2.53	0.09936	-0.007215	0.1066
2.54	0.1192	-0.004338	0.1235
2.55	0.1392	-0.001498	0.1407
2.56	0.1593	0.001301	0.158
2.57	0.1793	0.004056	0.1752
2.58	0.1991	0.006763	0.1924
2.59	0.2187	0.009418	0.2092
2.6	0.2377	0.01202	0.2257
2.61	0.2562	0.01455	0.2416
2.62	0.274	0.01702	0.257
2.63	0.2912	0.01943	0.2717
2.64	0.3077	0.02175	0.286
2.65	0.3237	0.02399	0.2997
2.66	0.3393	0.02615	0.3131
2.67	0.3544	0.02823	0.3262
2.68	0.3693	0.0302	0.3391
2.69	0.3838	0.03208	0.3517
2.7	0.3979	0.03386	0.3641
2.71	0.4114	0.03553	0.3759
2.72	0.424	0.0371	0.3869
2.73	0.4356	0.03855	0.397
2.74	0.446	0.03989	0.4061
2.75	0.4556	0.04112	0.4145
2.76	0.4644	0.04223	0.4222
2.77	0.4726	0.04323	0.4294
2.78	0.4804	0.0441	0.4363
2.79	0.4877	0.04487	0.4428
2.8	0.4944	0.04551	0.4489
2.81	0.5002	0.04604	0.4542
2.82	0.5051	0.04646	0.4587
2.83	0.509	0.04677	0.4622
2.84	0.5118	0.04697	0.4649
2.85	0.5137	0.04706	0.4667
2.86	0.5148	0.04705	0.4678
2.87	0.5155	0.04694	0.4686
2.88	0.5163	0.04674	0.4695
2.89	0.5171	0.04644	0.4707
2.9	0.5177	0.04605	0.4717
2.91	0.5179	0.04558	0.4723
2.92	0.5175	0.04502	0.4725
2.93	0.5166	0.04439	0.4722
2.94	0.5153	0.04368	0.4716
2.95	0.5137	0.04289	0.4708
2.96	0.5118	0.04204	0.4697
2.97	0.5096	0.04111	0.4685
2.98	0.5069	0.04012	0.4668
2.99	0.5036	0.03906	0.4645
3	0.4993	0.03793	0.4614
3.01	0.4938	0.03674	0.4571
3.02	0.4871	0.03547	0.4516
3.03	0.4792	0.03414	0.4451
3.04	0.4703	0.03274	0.4376
3.05	0.4605	0.03126	0.4293
3.06	0.4501	0.02971	0.4204
3.07	0.439	0.02807	0.4109
3.08	0.4271	0.02636	0.4008
3.09	0.4145	0.02455	0.39
3.1	0.4012	0.02266	0.3786
3.11	0.3873	0.02067	0.3666
3.12	0.3727	0.01857	0.3541
3.13	0.3575	0.01637	0.3411
3.14	0.3414	0.01406	0.3274
3.15	0.3246	0.01164	0.3129
3.16	0.3068	0.009094	0.2977
3.17	0.2883	0.006427	0.2819
3.18	0.2692	0.003633	0.2656
3.19	0.2498	0.0007112	0.2491
3.2	0.2303	-0.002342	0.2327
3.21	0.2108	-0.005528	0.2163
3.22	0.191	-0.008846	0.1999
3.23	0.1708	-0.0123	0.1831
3.24	0.1498	-0.01588	0.1657
3.25	0.128	-0.01959	0.1475
3.26	0.1052	-0.02342	0.1287
3.27	0.08187	-0.02738	0.1092
3.28	0.0581	-0.03145	0.08954
3.29	0.03415	-0.03562	0.06977
3.3	0.01016	-0.03989	0.05006
3.31	-0.01376	-0.04426	0.0305
3.32	-0.0376	-0.0487	0.01111
3.33	-0.06133	-0.05321	-0.008115
3.34	-0.08499	-0.05778	-0.02721
3.35	-0.1087	-0.06239	-0.04626
3.36	-0.1323	-0.06703	-0.06531
3.37	-0.1559	-0.07168	-0.08422
3.38	-0.1791	-0.07633	-0.1028
3.39	-0.2019	-0.08097	-0.1209
3.4	-0.224	-0.08558	-0.1384
3.41	-0.2456	-0.09014	-0.1554
3.42	-0.2664	-0.09463	-0.1718
3.43	-0.2866	-0.09905	-0.1876
3.44	-0.3062	-0.1034	-0.2028
3.45	-0.3253	-0.1076	-0.2177
3.46	-0.3439	-0.1117	-0.2322
3.47	-0.3619	-0.1157	-0.2462
3.48	-0.3787	-0.1195	-0.2592
3.49	-0.3943	-0.1231	-0.2712
3.5	-0.4089	-0.1266	-0.2823
3.51	-0.4227	-0.13	-0.2927
3.52	-0.4356	-0.1331	-0.3025
3.53	-0.4476	-0.136	-0.3115
3.54	-0.4589	-0.1388	-0.3201
3.55	-0.4698	-0.1414	-0.3284
3.56	-0.4803	-0.1437	-0.3366
3.57	-0.4905	-0.1459	-0.3446
3.58	-0.5	-0.1479	-0.3522
3.59	-0.5089	-0.1497	-0.3592
3.6	-0.5171	-0.1513	-0.3658
3.61	-0.5248	-0.1527	-0.3721
3.62	-0.5321	-0.154	-0.3781
3.63	-0.5389	-0.1551	-0.3838
3.64	-0.5452	-0.156	-0.3892
3.65	-0.5508	-0.1568	-0.394
3.66	-0.5558	-0.1575	-0.3984
3.67	-0.5603	-0.158	-0.4023
3.68	-0.5644	-0.1585	-0.4059
3.69	-0.5683	-0.1588	-0.4094
3.7	-0.572	-0.1591	-0.4129
3.71	-0.5755	-0.1593	-0.4162
3.72	-0.5788	-0.1595	-0.4193
3.73	-0.5815	-0.1596	-0.4219
3.74	-0.5837	-0.1597	-0.424
3.75	-0.5857	-0.1598	-0.4259
3.76	-0.5877	-0.1599	-0.4278
3.77	-0.5895	-0.16	-0.4295
3.78	-0.591	-0.1601	-0.431
3.79	-0.5924	-0.1602	-0.4322
3.8	-0.5937	-0.1604	-0.4333
3.81	-0.5949	-0.1606	-0.4344
3.82	-0.5961	-0.1608	-0.4353
3.83	-0.5969	-0.1611	-0.4359
3.84	-0.5973	-0.1614	-0.436
3.85	-0.5973	-0.1617	-0.4356
3.86	-0.597	-0.1622	-0.4348
3.87	-0.5964	-0.1626	-0.4338
3.88	-0.5958	-0.1631	-0.4327
3.89	-0.5955	-0.1636	-0.4319
3.9	-0.5956	-0.1641	-0.4315
3.91	-0.5963	-0.1647	-0.4316
3.92	-0.5971	-0.1652	-0.4318
3.93	-0.5976	-0.1658	-0.4318
3.94	-0.5976	-0.1663	-0.4313
3.95	-0.5974	-0.1669	-0.4305
3.96	-0.5971	-0.1673	-0.4298
3.97	-0.5969	-0.1678	-0.4291
3.98	-0.597	-0.1682	-0.4288
3.99	-0.5972	-0.1685	-0.4287
4	-0.5973	-0.1687	-0.4286
4.01	-0.5972	-0.1689	-0.4284
4.02	-0.5968	-0.1689	-0.4279
4.03	-0.5961	-0.1688	-0.4273
4.04	-0.595	-0.1686	-0.4264
4.05	-0.5937	-0.1683	-0.4254
4.06	-0.5923	-0.1678	-0.4245
4.07	-0.5907	-0.1672	-0.4235
4.08	-0.589	-0.1664	-0.4226
4.09	-0.5871	-0.1655	-0.4216
4.1	-0.5848	-0.1644	-0.4205
4.11	-0.5821	-0.1631	-0.419
4.12	-0.5792	-0.1617	-0.4175
4.13	-0.5763	-0.16	-0.4163
4.14	-0.5735	-0.1582	-0.4152
4.15	-0.5703	-0.1563	-0.414
4.16	-0.5666	-0.1541	-0.4125
4.17	-0.5625	-0.1518	-0.4107
4.18	-0.5584	-0.1493	-0.4091
4.19	-0.5543	-0.1466	-0.4077
4.2	-0.5499	-0.1438	-0.4061
4.21	-0.5452	-0.1408	-0.4043
4.22	-0.5398	-0.1377	-0.4021
4.23	-0.5337	-0.1344	-0.3994
4.24	-0.527	-0.1309	-0.3961
4.25	-0.5198	-0.1274	-0.3924
4.26	-0.5122	-0.1237	-0.3886
4.27	-0.5044	-0.1198	-0.3845
4.28	-0.4963	-0.1159	-0.3804
4.29	-0.4881	-0.1118	-0.3763
4.3	-0.4797	-0.1076	-0.3721
4.31	-0.4713	-0.1034	-0.3679
4.32	-0.4625	-0.09898	-0.3635
4.33	-0.4533	-0.09451	-0.3588
4.34	-0.4438	-0.08995	-0.3538
4.35	-0.4341	-0.08531	-0.3488
4.36	-0.4244	-0.08058	-0.3438
4.37	-0.4142	-0.07578	-0.3385
4.38	-0.4031	-0.0709	-0.3322
4.39	-0.391	-0.06596	-0.325
4.4	-0.3782	-0.06094	-0.3173
4.41	-0.3652	-0.05586	-0.3094
4.42	-0.3522	-0.05072	-0.3015
4.43	-0.3392	-0.04551	-0.2937
4.44	-0.3261	-0.04024	-0.2859
4.45	-0.3126	-0.03492	-0.2776
4.46	-0.2982	-0.02954	-0.2687
4.47	-0.2832	-0.0241	-0.2591
4.48	-0.2679	-0.01861	-0.2493
4.49	-0.2523	-0.01306	-0.2393
4.5	-0.2366	-0.00747	-0.2291
4.51	-0.2206	-0.001828	-0.2188
4.52	-0.2043	0.003861	-0.2082
4.53	-0.1875	0.009593	-0.1971
4.54	-0.1701	0.01537	-0.1855
4.55	-0.1521	0.02118	-0.1733
4.56	-0.1334	0.02702	-0.1605
4.57	-0.1144	0.0329	-0.1473
4.58	-0.09516	0.03881	-0.134
4.59	-0.07589	0.04474	-0.1206
4.6	-0.05652	0.05068	-0.1072
4.61	-0.03705	0.05664	-0.09369
4.62	-0.01773	0.06261	-0.08034
4.63	0.001155	0.06859	-0.06743
4.64	0.01966	0.07456	-0.0549
4.65	0.03819	0.08053	-0.04234
4.66	0.05706	0.08648	-0.02942
4.67	0.07621	0.09242	-0.0162
4.68	0.09549	0.09833	-0.002843
4.69	0.115	0.1042	0.01077
4.7	0.1351	0.1101	0.02501
4.71	0.1559	0.1159	0.04006
4.72	0.177	0.1216	0.0554
4.73	0.1977	0.1273	0.07035
4.74	0.2177	0.133	0.08466
4.75	0.2371	0.1386	0.09851
4.76	0.2563	0.1441	0.1121
4.77	0.2754	0.1496	0.1258
4.78	0.2949	0.155	0.1398
4.79	0.3146	0.1603	0.1543
4.8	0.3345	0.1656	0.1689
4.81	0.3544	0.1708	0.1836
4.82	0.3743	0.1759	0.1984
4.83	0.3944	0.1809	0.2135
4.84	0.4146	0.1858	0.2287
4.85	0.4345	0.1907	0.2438
4.86	0.4539	0.1955	0.2585
4.87	0.4725	0.2001	0.2723
4.88	0.4901	0.2048	0.2853
4.89	0.5068	0.2093	0.2975
4.9	0.5232	0.2137	0.3095
4.91	0.5397	0.2181	0.3216
4.92	0.556	0.2223	0.3337
4.93	0.5717	0.2265	0.3452
4.94	0.5866	0.2306	0.356
4.95	0.6012	0.2346	0.3666
4.96	0.6157	0.2385	0.3772
4.97	0.6301	0.2424	0.3877
4.98	0.6444	0.2461	0.3983
4.99	0.6586	0.2498	0.4088
5	0.6726	0.2533	0.4193
5.01	0.6865	0.2568	0.4297
5.02	0.7001	0.2601	0.4399
5.03	0.7131	0.2634	0.4497
5.04	0.7252	0.2665	0.4587
5.05	0.7359	0.2696	0.4664
5.06	0.7447	0.2725	0.4723
5.07	0.752	0.2753	0.4768
5.08	0.7583	0.2779	0.4804
5.09	0.7638	0.2804	0.4834
5.1	0.7686	0.2828	0.4858
5.11	0.7727	0.285	0.4877
5.12	0.7759	0.287	0.4888
5.13	0.7782	0.2889	0.4892
5.14	0.7798	0.2906	0.4891
5.15	0.7812	0.2922	0.489
5.16	0.7829	0.2935	0.4894
5.17	0.7844	0.2946	0.4898
5.18	0.785	0.2956	0.4894
5.19	0.7842	0.2963	0.4879
5.2	0.7819	0.2968	0.4851
5.21	0.7781	0.2971	0.481
5.22	0.7731	0.2971	0.4759
5.23	0.7673	0.2969	0.4703
5.24	0.7608	0.2965	0.4643
5.25	0.7536	0.2958	0.4578
5.26	0.7456	0.2949	0.4507
5.27	0.7367	0.2937	0.443
5.28	0.7271	0.2923	0.4347
5.29	0.7166	0.2906	0.426
5.3	0.7054	0.2887	0.4167
5.31	0.6936	0.2865	0.4071
5.32	0.6814	0.2841	0.3973
5.33	0.669	0.2814	0.3876
5.34	0.6564	0.2785	0.378
5.35	0.6432	0.2753	0.3679
5.36	0.6289	0.2719	0.357
5.37	0.6137	0.2682	0.3454
5.38	0.5978	0.2644	0.3334
5.39	0.5814	0.2603	0.3211
5.4	0.5647	0.256	0.3087
5.41	0.5479	0.2515	0.2964
5.42	0.5308	0.2468	0.284
5.43	0.5133	0.242	0.2713
5.44	0.4954	0.2369	0.2585
5.45	0.4773	0.2318	0.2455
5.46	0.4589	0.2264	0.2325
5.47	0.4402	0.2209	0.2193
5.48	0.421	0.2153	0.2057
5.49	0.4013	0.2096	0.1918
5.5	0.3814	0.2037	0.1777
5.51	0.3615	0.1978	0.1637
5.52	0.3417	0.1918	0.1499
5.53	0.322	0.1857	0.1362
5.54	0.3021	0.1796	0.1225
5.55	0.2818	0.1734	0.1084
5.56	0.2609	0.1672	0.09372
5.57	0.2399	0.1609	0.07891
5.58	0.2193	0.1547	0.06463
5.59	0.1995	0.1485	0.05106
5.6	0.1802	0.1422	0.03796
5.61	0.1612	0.136	0.02519
5.62	0.143	0.1298	0.01314
5.63	0.126	0.1237	0.002293
5.64	0.1101	0.1176	-0.007502
5.65	0.09457	0.1116	-0.01702
5.66	0.07875	0.1056	-0.02688
5.67	0.06272	0.09976	-0.03704
5.68	0.04671	0.09398	-0.04727
5.69	0.03062	0.0883	-0.05768
5.7	0.01407	0.08272	-0.06864
5.71	-0.00313	0.07725	-0.08038
5.72	-0.02033	0.0719	-0.09223
5.73	-0.03669	0.06667	-0.1034
5.74	-0.05199	0.06158	-0.1136
5.75	-0.06663	0.05663	-0.1233
5.76	-0.08094	0.05182	-0.1328
5.77	-0.09481	0.04715	-0.142
5.78	-0.108	0.04264	-0.1507
5.79	-0.1206	0.03828	-0.1588
5.8	-0.1324	0.03408	-0.1665
5.81	-0.1437	0.03004	-0.1737
5.82	-0.1543	0.02617	-0.1804
5.83	-0.164	0.02246	-0.1865
5.84	-0.1729	0.01892	-0.1918
5.85	-0.1811	0.01555	-0.1966
5.86	-0.1887	0.01234	-0.201
5.87	-0.196	0.009305	-0.2053
5.88	-0.2032	0.006431	-0.2096
5.89	-0.2101	0.003721	-0.2138
5.9	-0.2162	0.001171	-0.2174
5.91	-0.221	-0.001221	-0.2198
5.92	-0.2249	-0.003459	-0.2214
5.93	-0.2285	-0.005548	-0.2229
5.94	-0.2317	-0.007493	-0.2242
5.95	-0.2343	-0.009299	-0.225
5.96	-0.2357	-0.01097	-0.2247
5.97	-0.2365	-0.01252	-0.224
5.98	-0.2372	-0.01395	-0.2232
5.99	-0.2381	-0.01528	-0.2228
6	-0.239	-0.0165	-0.2225
6.01	-0.2398	-0.01763	-0.2222
6.02	-0.2409	-0.01868	-0.2222
6.03	-0.2423	-0.01966	-0.2226
6.04	-0.2442	-0.02057	-0.2236
6.05	-0.2464	-0.02144	-0.225
6.06	-0.249	-0.02227	-0.2267
6.07	-0.2518	-0.02306	-0.2288
6.08	-0.2548	-0.02384	-0.2309
6.09	-0.2577	-0.02462	-0.2331
6.1	-0.2604	-0.0254	-0.235
6.11	-0.2626	-0.02619	-0.2364
6.12	-0.2644	-0.02702	-0.2374
6.13	-0.266	-0.02788	-0.2382
6.14	-0.2675	-0.02879	-0.2387
6.15	-0.2688	-0.02976	-0.239
6.16	-0.2701	-0.0308	-0.2393
6.17	-0.2718	-0.03192	-0.2399
6.18	-0.2743	-0.03313	-0.2412
6.19	-0.2774	-0.03443	-0.2429
6.2	-0.2804	-0.03584	-0.2446
6.21	-0.2831	-0.03736	-0.2457
6.22	-0.286	-0.03899	-0.2471
6.23	-0.2902	-0.04074	-0.2494
6.24	-0.2954	-0.04263	-0.2527
6.25	-0.3004	-0.04464	-0.2558
6.26	-0.3044	-0.04678	-0.2577
6.27	-0.3077	-0.04905	-0.2587
6.28	-0.311	-0.05146	-0.2595
6.29	-0.3144	-0.05401	-0.2604
6.3	-0.3178	-0.05668	-0.2612
6.31	-0.3211	-0.05949	-0.2616
6.32	-0.3246	-0.06242	-0.2622
6.33	-0.3287	-0.06548	-0.2632
6.34	-0.3335	-0.06865	-0.2648
6.35	-0.3387	-0.07193	-0.2668
6.36	-0.3441	-0.07532	-0.2688
6.37	-0.3499	-0.0788	-0.2711
6.38	-0.3564	-0.08237	-0.274
6.39	-0.3632	-0.08602	-0.2771
6.4	-0.3696	-0.08974	-0.2799
6.41	-0.3752	-0.09351	-0.2817
6.42	-0.3802	-0.09734	-0.2828
6.43	-0.385	-0.1012	-0.2838
6.44	-0.39	-0.1051	-0.2849
6.45	-0.3951	-0.109	-0.2861
6.46	-0.4002	-0.1129	-0.2874
6.47	-0.4056	-0.1167	-0.2889
6.48	-0.4112	-0.1206	-0.2907
6.49	-0.4171	-0.1244	-0.2927
6.5	-0.4231	-0.1281	-0.2949
6.51	-0.4289	-0.1318	-0.2971
6.52	-0.4345	-0.1355	-0.299
6.53	-0.4394	-0.139	-0.3004
6.54	-0.4438	-0.1424	-0.3014
6.55	-0.4483	-0.1457	-0.3026
6.56	-0.4532	-0.1489	-0.3043
6.57	-0.4585	-0.152	-0.3065
6.58	-0.4639	-0.1549	-0.309
6.59	-0.4693	-0.1577	-0.3116
6.6	-0.4744	-0.1603	-0.3141
6.61	-0.4792	-0.1628	-0.3164
6.62	-0.4837	-0.1651	-0.3186
6.63	-0.488	-0.1672	-0.3208
6.64	-0.4923	-0.1691	-0.3232
6.65	-0.4964	-0.1708	-0.3256
6.66	-0.5004	-0.1724	-0.328
6.67	-0.5038	-0.1738	-0.33
6.68	-0.5064	-0.1749	-0.3315
6.69	-0.508	-0.1759	-0.3321
6.7	-0.5086	-0.1767	-0.3319
6.71	-0.5083	-0.1773	-0.3311
6.72	-0.5077	-0.1777	-0.33
6.73	-0.5072	-0.1778	-0.3294
6.74	-0.5068	-0.1778	-0.329
6.75	-0.5059	-0.1776	-0.3282
6.76	-0.5038	-0.1772	-0.3266
6.77	-0.5011	-0.1767	-0.3244
6.78	-0.4984	-0.1759	-0.3224
6.79	-0.4955	-0.175	-0.3206
6.8	-0.492	-0.1738	-0.3182
6.81	-0.4873	-0.1725	-0.3148
6.82	-0.4816	-0.1711	-0.3105
6.83	-0.475	-0.1694	-0.3056
6.84	-0.4679	-0.1676	-0.3004
6.85	-0.4607	-0.1656	-0.2951
6.86	-0.4536	-0.1635	-0.2902
6.87	-0.4469	-0.1611	-0.2858
6.88	-0.4408	-0.1587	-0.2821
6.89	-0.4351	-0.156	-0.2791
6.9	-0.4295	-0.1532	-0.2762
6.91	-0.4235	-0.1503	-0.2732
6.92	-0.417	-0.1472	-0.2698
6.93	-0.4101	-0.144	-0.2661
6.94	-0.4028	-0.1406	-0.2622
6.95	-0.3951	-0.137	-0.2581
6.96	-0.3872	-0.1334	-0.2538
6.97	-0.3789	-0.1295	-0.2494
6.98	-0.3704	-0.1256	-0.2448
6.99	-0.3615	-0.1215	-0.2401
7	-0.3526	-0.1172	-0.2354
7.01	-0.3439	-0.1128	-0.2311
7.02	-0.3352	-0.1083	-0.2269
7.03	-0.3264	-0.1037	-0.2227
7.04	-0.3173	-0.09894	-0.2183
7.05	-0.3072	-0.09407	-0.2132
7.06	-0.2961	-0.08909	-0.207
7.07	-0.2847	-0.08401	-0.2007
7.08	-0.2739	-0.07883	-0.1951
7.09	-0.2638	-0.07357	-0.1903
7.1	-0.254	-0.06824	-0.1857
7.11	-0.2438	-0.06284	-0.1809
7.12	-0.2332	-0.05738	-0.1758
7.13	-0.2225	-0.05189	-0.1706
7.14	-0.2115	-0.04636	-0.1652
7.15	-0.2003	-0.04083	-0.1595
7.16	-0.1887	-0.03529	-0.1534
7.17	-0.177	-0.02978	-0.1473
7.18	-0.1655	-0.0243	-0.1412
7.19	-0.1544	-0.01887	-0.1356
7.2	-0.1439	-0.01351	-0.1304
7.21	-0.1341	-0.008245	-0.1259
7.22	-0.1245	-0.003085	-0.1214
7.23	-0.1144	0.001948	-0.1163
7.24	-0.1036	0.006834	-0.1104
7.25	-0.09218	0.01155	-0.1037
7.26	-0.08038	0.01609	-0.09648
7.27	-0.0687	0.02043	-0.08913
7.28	-0.0577	0.02454	-0.08224
7.29	-0.04781	0.02841	-0.07622
7.3	-0.03927	0.03203	-0.0713
7.31	-0.0321	0.03538	-0.06749
7.32	-0.02534	0.03845	-0.06379
7.33	-0.01783	0.04122	-0.05905
7.34	-0.009633	0.04368	-0.05332
7.35	-0.002046	0.04583	-0.04787
7.36	0.003934	0.04764	-0.04371
7.37	0.008699	0.04913	-0.04043
7.38	0.01298	0.05028	-0.0373
7.39	0.01726	0.05108	-0.03383
7.4	0.02178	0.05155	-0.02977
7.41	0.02667	0.05168	-0.02501
7.42	0.03163	0.05147	-0.01984
7.43	0.03629	0.05094	-0.01465
7.44	0.04027	0.05008	-0.009811
7.45	0.04326	0.04891	-0.005647
7.46	0.04513	0.04743	-0.002303
7.47	0.04646	0.04567	0.0007824
7.48	0.04796	0.04364	0.004324
7.49	0.04984	0.04135	0.008489
7.5	0.05173	0.03883	0.0129
7.51	0.05319	0.03608	0.01711
7.52	0.05359	0.03314	0.02045
7.53	0.0523	0.03002	0.02228
7.54	0.05037	0.02675	0.02363
7.55	0.05054	0.02335	0.0272
7.56	0.0545	0.01983	0.03467
7.57	0.05962	0.01624	0.04338
7.58	0.06229	0.01258	0.0497
7.59	0.06163	0.008891	0.05274
7.6	0.05953	0.005184	0.05435
7.61	0.05757	0.001486	0.05608
7.62	0.05561	-0.002184	0.05779
7.63	0.05314	-0.005803	0.05894
7.64	0.05001	-0.009353	0.05937
7.65	0.04648	-0.01282	0.0593
7.66	0.0428	-0.01617	0.05897
7.67	0.03923	-0.01941	0.05865
7.68	0.03602	-0.02252	0.05853
7.69	0.03295	-0.02548	0.05843
7.7	0.02942	-0.02828	0.0577
7.71	0.02498	-0.03092	0.0559
7.72	0.02014	-0.03339	0.05353
7.73	0.01562	-0.03568	0.0513
7.74	0.01177	-0.0378	0.04957
7.75	0.008593	-0.03973	0.04833
7.76	0.006018	-0.04149	0.04751
7.77	0.003694	-0.04306	0.04676
7.78	0.001212	-0.04446	0.04568
7.79	-0.001639	-0.04569	0.04405
7.8	-0.004875	-0.04676	0.04188
7.81	-0.008523	-0.04767	0.03914
7.82	-0.0127	-0.04842	0.03573
7.83	-0.01752	-0.04904	0.03152
7.84	-0.02276	-0.04952	0.02676
7.85	-0.02785	-0.04989	0.02203
7.86	-0.03231	-0.05014	0.01782
7.87	-0.03607	-0.05028	0.01421
7.88	-0.03916	-0.05034	0.01118
7.89	-0.0417	-0.05031	0.008614
7.9	-0.04386	-0.05021	0.006347
7.91	-0.0459	-0.05005	0.004148
7.92	-0.04826	-0.04983	0.001567
7.93	-0.05143	-0.04957	-0.001866
7.94	-0.05518	-0.04927	-0.005909
7.95	-0.05853	-0.04893	-0.009601
7.96	-0.0608	-0.04857	-0.01223
7.97	-0.06236	-0.04819	-0.01416
7.98	-0.06385	-0.04779	-0.01606
7.99	-0.06562	-0.04737	-0.01824
8	-0.06768	-0.04694	-0.02074
8.01	-0.06996	-0.0465	-0.02346
8.02	-0.07203	-0.04604	-0.02598
8.03	-0.07336	-0.04557	-0.02778
8.04	-0.07333	-0.04509	-0.02825
8.05	-0.07123	-0.04458	-0.02665
8.06	-0.0669	-0.04405	-0.02285
8.07	-0.0625	-0.04349	-0.01901
8.08	-0.0607	-0.0429	-0.0178
8.09	-0.06185	-0.04227	-0.01958
8.1	-0.06407	-0.0416	-0.02247
8.11	-0.06552	-0.04088	-0.02464
8.12	-0.065	-0.04011	-0.02489
8.13	-0.06153	-0.03928	-0.02225
8.14	-0.05593	-0.03839	-0.01754
8.15	-0.05079	-0.03742	-0.01337
8.16	-0.04799	-0.03638	-0.01161
8.17	-0.04623	-0.03526	-0.01097
8.18	-0.04348	-0.03406	-0.009418
8.19	-0.03909	-0.03277	-0.006322
8.2	-0.03383	-0.0314	-0.002436
8.21	-0.02835	-0.02993	0.001576
8.22	-0.0227	-0.02837	0.005669
8.23	-0.01678	-0.02672	0.009945
8.24	-0.01059	-0.02498	0.01439
8.25	-0.004287	-0.02315	0.01887
8.26	0.002039	-0.02124	0.02328
8.27	0.008424	-0.01924	0.02766
8.28	0.01493	-0.01716	0.03208
8.29	0.02128	-0.015	0.03628
8.3	0.02688	-0.01277	0.03965
8.31	0.03124	-0.01048	0.04173
8.32	0.03445	-0.008138	0.04259
8.33	0.03671	-0.005742	0.04245
8.34	0.03821	-0.003304	0.04151
8.35	0.03912	-0.0008323	0.03995
8.36	0.03975	0.001665	0.03809
8.37	0.04097	0.004179	0.03679
8.38	0.04376	0.006701	0.03706
8.39	0.04832	0.009222	0.03909
8.4	0.05404	0.01173	0.04231
8.41	0.06029	0.01423	0.04606
8.42	0.06632	0.01669	0.04963
8.43	0.0714	0.01912	0.05228
8.44	0.07532	0.02151	0.05381
8.45	0.07841	0.02384	0.05456
8.46	0.08097	0.02612	0.05484
8.47	0.08315	0.02833	0.05481
8.48	0.08507	0.03047	0.0546
8.49	0.08694	0.03253	0.05441
8.5	0.08908	0.03451	0.05457
8.51	0.09166	0.0364	0.05526
8.52	0.0944	0.0382	0.0562
8.53	0.09687	0.0399	0.05697
8.54	0.09903	0.0415	0.05754
8.55	0.1012	0.04299	0.05821
8.56	0.1036	0.04439	0.05925
8.57	0.1062	0.04567	0.06058
8.58	0.1089	0.04685	0.06206
8.59	0.1118	0.04791	0.06388
8.6	0.1154	0.04887	0.06651
8.61	0.12	0.04972	0.07024
8.62	0.1249	0.05045	0.0745
8.63	0.1296	0.05108	0.07852
8.64	0.1333	0.05159	0.08172
8.65	0.1357	0.052	0.08371
8.66	0.1366	0.0523	0.08428
8.67	0.1363	0.0525	0.08379
8.68	0.1354	0.05259	0.08278
8.69	0.1342	0.05257	0.08158
8.7	0.1328	0.05246	0.0803
8.71	0.1312	0.05225	0.07899
8.72	0.1295	0.05194	0.07753
8.73	0.1273	0.05154	0.07579
8.74	0.125	0.05105	0.07397
8.75	0.1231	0.05047	0.07262
8.76	0.1219	0.04981	0.07211
8.77	0.1209	0.04906	0.07187
8.78	0.1194	0.04824	0.07117
8.79	0.117	0.04734	0.06961
8.8	0.1136	0.04637	0.06719
8.81	0.1094	0.04533	0.06405
8.82	0.1052	0.04424	0.06098
8.83	0.102	0.04309	0.05889
8.84	0.09988	0.04188	0.058
8.85	0.09845	0.04063	0.05782
8.86	0.09727	0.03934	0.05793
8.87	0.0963	0.03802	0.05828
8.88	0.09557	0.03667	0.0589
8.89	0.09502	0.03529	0.05972
8.9	0.09444	0.0339	0.06054
8.91	0.09363	0.03251	0.06112
8.92	0.09225	0.03111	0.06114
8.93	0.08998	0.02972	0.06026
8.94	0.08665	0.02834	0.05831
8.95	0.08227	0.02699	0.05529
8.96	0.07705	0.02566	0.05139
8.97	0.07187	0.02437	0.0475
8.98	0.06776	0.02312	0.04464
8.99	0.06488	0.02192	0.04296
9	0.0625	0.02078	0.04172
9.01	0.05971	0.01971	0.04
9.02	0.055	0.0187	0.0363
9.03	0.04688	0.01777	0.02911
9.04	0.03711	0.01692	0.02019
9.05	0.03069	0.01616	0.01453
9.06	0.0311	0.01549	0.01562
9.07	0.03506	0.01491	0.02016
9.08	0.03774	0.01443	0.02332
9.09	0.03739	0.01405	0.02334
9.1	0.03532	0.01377	0.02155
9.11	0.03277	0.01359	0.01917
9.12	0.03004	0.01352	0.01651
9.13	0.0272	0.01355	0.01365
9.14	0.02419	0.01368	0.01051
9.15	0.02081	0.01392	0.006898
9.16	0.01701	0.01424	0.002769
9.17	0.0134	0.01467	-0.001266
9.18	0.01072	0.01518	-0.004457
9.19	0.009143	0.01578	-0.006636
9.2	0.008248	0.01646	-0.008211
9.21	0.007638	0.01721	-0.009576
9.22	0.007095	0.01804	-0.01094
9.23	0.006451	0.01893	-0.01248
9.24	0.005705	0.01987	-0.01417
9.25	0.005031	0.02087	-0.01584
9.26	0.004525	0.02191	-0.01738
9.27	0.003965	0.02298	-0.01902
9.28	0.003064	0.02409	-0.02102
9.29	0.00197	0.02521	-0.02324
9.3	0.001263	0.02636	-0.02509
9.31	0.001381	0.02751	-0.02613
9.32	0.002105	0.02866	-0.02656
9.33	0.003052	0.02982	-0.02677
9.34	0.003773	0.03096	-0.02719
9.35	0.003757	0.0321	-0.02834
9.36	0.002733	0.03321	-0.03048
9.37	0.001392	0.03431	-0.03292
9.38	0.0006509	0.03538	-0.03473
9.39	0.00102	0.03642	-0.0354
9.4	0.002603	0.03743	-0.03483
9.41	0.005312	0.03841	-0.0331
9.42	0.008364	0.03935	-0.03099
9.43	0.01083	0.04027	-0.02944
9.44	0.01246	0.04114	-0.02869
9.45	0.01367	0.04199	-0.02832
9.46	0.01495	0.04279	-0.02784
9.47	0.01695	0.04357	-0.02663
9.48	0.0203	0.04432	-0.02402
9.49	0.02489	0.04503	-0.02014
9.5	0.02984	0.04572	-0.01588
9.51	0.03442	0.04638	-0.01196
9.52	0.03869	0.04702	-0.008334
9.53	0.04288	0.04764	-0.004756
9.54	0.04688	0.04824	-0.00136
9.55	0.05018	0.04882	0.001356
9.56	0.05251	0.04939	0.003127
9.57	0.05461	0.04994	0.004666
9.58	0.05739	0.05049	0.006901
9.59	0.06099	0.05102	0.009965
9.6	0.06475	0.05155	0.0132
9.61	0.06813	0.05207	0.01606
9.62	0.07125	0.05258	0.01867
9.63	0.07437	0.05309	0.02129
9.64	0.07792	0.05359	0.02433
9.65	0.08246	0.05408	0.02838
9.66	0.08811	0.05457	0.03354
9.67	0.09312	0.05505	0.03807
9.68	0.09534	0.05551	0.03983
9.69	0.09479	0.05597	0.03882
9.7	0.09357	0.05641	0.03717
9.71	0.09368	0.05683	0.03685
9.72	0.09617	0.05723	0.03894
9.73	0.1018	0.05761	0.04418
9.74	0.1096	0.05797	0.05164
9.75	0.117	0.0583	0.05868
9.76	0.1219	0.05859	0.0633
9.77	0.1251	0.05885	0.06624
9.78	0.128	0.05908	0.06894
9.79	0.1315	0.05926	0.0722
9.8	0.1357	0.0594	0.07625
9.81	0.1406	0.0595	0.08113
9.82	0.1459	0.05955	0.08637
9.83	0.1509	0.05955	0.09139
9.84	0.1552	0.05949	0.09572
9.85	0.1585	0.05939	0.09908
9.86	0.1606	0.05923	0.1014
9.87	0.1625	0.05902	0.1035
9.88	0.1649	0.05875	0.1062
9.89	0.1678	0.05843	0.1094
9.9	0.1697	0.05806	0.1116
9.91	0.1696	0.05764	0.112
9.92	0.1685	0.05716	0.1113
9.93	0.1678	0.05664	0.1111
9.94	0.1677	0.05607	0.1117
9.95	0.1678	0.05546	0.1124
9.96	0.1676	0.05481	0.1128
9.97	0.1676	0.05413	0.1135
9.98	0.1685	0.05341	0.1151
9.99	0.1703	0.05267	0.1176
10	0.1719	0.0519	0.12
10.01	0.1727	0.05111	0.1216
10.02	0.1723	0.0503	0.122
10.03	0.1707	0.04949	0.1213
10.04	0.1684	0.04866	0.1197
10.05	0.1664	0.04784	0.1186
10.06	0.1655	0.04702	0.1185
10.07	0.1653	0.0462	0.1191
10.08	0.165	0.04539	0.1196
10.09	0.1642	0.0446	0.1196
10.1	0.1629	0.04383	0.1191
10.11	0.1612	0.04308	0.1181
10.12	0.1591	0.04235	0.1167
10.13	0.1565	0.04165	0.1149
10.14	0.1534	0.04097	0.1124
10.15	0.1495	0.04033	0.1092
10.16	0.145	0.03973	0.1053
10.17	0.1405	0.03915	0.1014
10.18	0.1368	0.03862	0.09816
10.19	0.1341	0.03811	0.09596
10.2	0.1321	0.03765	0.09449
10.21	0.1306	0.03722	0.09338
10.22	0.1288	0.03683	0.09201
10.23	0.1262	0.03647	0.0897
10.24	0.1227	0.03615	0.08651
10.25	0.119	0.03586	0.08314
10.26	0.1159	0.0356	0.08031
10.27	0.1138	0.03538	0.07841
10.28	0.1129	0.03517	0.07775
10.29	0.1127	0.035	0.07768
10.3	0.1115	0.03485	0.07663
10.31	0.1081	0.03472	0.07343
10.32	0.1034	0.0346	0.06879
10.33	0.09835	0.0345	0.06385
10.34	0.09385	0.03442	0.05943
10.35	0.09039	0.03435	0.05604
10.36	0.08819	0.03428	0.05391
10.37	0.08639	0.03422	0.05217
10.38	0.08387	0.03416	0.04972
10.39	0.08035	0.0341	0.04625
10.4	0.07633	0.03404	0.04229
10.41	0.07233	0.03397	0.03836
10.42	0.06869	0.0339	0.03479
10.43	0.06566	0.03382	0.03185
10.44	0.06313	0.03372	0.02941
10.45	0.06058	0.03362	0.02696
10.46	0.05765	0.0335	0.02415
10.47	0.05472	0.03337	0.02135
10.48	0.05234	0.03322	0.01911
10.49	0.05115	0.03306	0.01809
10.5	0.05189	0.03288	0.019
10.51	0.0548	0.03268	0.02212
10.52	0.05821	0.03247	0.02574
10.53	0.06	0.03224	0.02776
10.54	0.05982	0.03199	0.02782
10.55	0.05904	0.03173	0.02731
10.56	0.05881	0.03145	0.02736
10.57	0.05906	0.03116	0.0279
10.58	0.0594	0.03086	0.02854
10.59	0.05956	0.03054	0.02901
10.6	0.05937	0.03022	0.02915
10.61	0.05882	0.02989	0.02893
10.62	0.05848	0.02956	0.02892
10.63	0.05901	0.02922	0.02979
10.64	0.06052	0.02889	0.03164
10.65	0.06253	0.02856	0.03398
10.66	0.06435	0.02823	0.03612
10.67	0.06459	0.02792	0.03668
10.68	0.06175	0.02761	0.03414
10.69	0.05632	0.02733	0.02899
10.7	0.05075	0.02706	0.02369
10.71	0.04723	0.02681	0.02042
10.72	0.04644	0.02659	0.01985
10.73	0.04865	0.0264	0.02225
10.74	0.05281	0.02624	0.02657
10.75	0.05658	0.02612	0.03045
10.76	0.05828	0.02604	0.03224
10.77	0.05922	0.026	0.03321
10.78	0.06133	0.02601	0.03533
10.79	0.06486	0.02606	0.0388
10.8	0.06831	0.02616	0.04214
10.81	0.07044	0.02632	0.04412
10.82	0.07133	0.02653	0.04479
10.83	0.07139	0.0268	0.04459
10.84	0.07107	0.02713	0.04394
10.85	0.07086	0.02751	0.04335
10.86	0.0712	0.02796	0.04324
10.87	0.07225	0.02846	0.04379
10.88	0.07413	0.02903	0.0451
10.89	0.07651	0.02965	0.04685
10.9	0.07863	0.03034	0.04829
10.91	0.07992	0.03108	0.04885
10.92	0.08061	0.03187	0.04874
10.93	0.0811	0.03272	0.04838
10.94	0.08156	0.03362	0.04795
10.95	0.08196	0.03456	0.0474
10.96	0.08218	0.03554	0.04663
10.97	0.08192	0.03657	0.04535
10.98	0.08083	0.03763	0.04321
10.99	0.07897	0.03871	0.04026
11	0.07674	0.03982	0.03692
11.01	0.07455	0.04095	0.03361
11.02	0.07264	0.04208	0.03056
11.03	0.07119	0.04322	0.02797
11.04	0.07035	0.04436	0.02599
11.05	0.07024	0.04549	0.02475
11.06	0.07077	0.0466	0.02417
11.07	0.07115	0.04769	0.02346
11.08	0.0704	0.04874	0.02166
11.09	0.06801	0.04976	0.01826
11.1	0.06393	0.05073	0.0132
11.11	0.05835	0.05164	0.006715
11.12	0.05244	0.05249	-4.278e-05
11.13	0.04755	0.05326	-0.005715
11.14	0.0438	0.05396	-0.01016
11.15	0.04011	0.05457	-0.01446
11.16	0.0356	0.05509	-0.01949
11.17	0.03038	0.05551	-0.02513
11.18	0.02479	0.05582	-0.03103
11.19	0.01905	0.05601	-0.03696
11.2	0.01322	0.05609	-0.04286
11.21	0.007341	0.05603	-0.04869
11.22	0.001277	0.05585	-0.05457
11.23	-0.005111	0.05553	-0.06064
11.24	-0.01173	0.05506	-0.06679
11.25	-0.01826	0.05445	-0.07271
11.26	-0.0244	0.05369	-0.07809
11.27	-0.03009	0.05277	-0.08287
11.28	-0.03533	0.0517	-0.08704
11.29	-0.04024	0.05047	-0.09071
11.3	-0.04505	0.04908	-0.09413
11.31	-0.05001	0.04753	-0.09754
11.32	-0.05545	0.04581	-0.1013
11.33	-0.06166	0.04393	-0.1056
11.34	-0.06841	0.04189	-0.1103
11.35	-0.07488	0.03969	-0.1146
11.36	-0.0804	0.03733	-0.1177
11.37	-0.08479	0.03481	-0.1196
11.38	-0.08808	0.03213	-0.1202
11.39	-0.09092	0.02931	-0.1202
11.4	-0.0946	0.02633	-0.1209
11.41	-0.1001	0.02321	-0.1233
11.42	-0.1067	0.01996	-0.1267
11.43	-0.1135	0.01657	-0.1301
11.44	-0.1202	0.01306	-0.1333
11.45	-0.1271	0.009426	-0.1365
11.46	-0.1343	0.005681	-0.14
11.47	-0.1415	0.001831	-0.1433
11.48	-0.1482	-0.002114	-0.1461
11.49	-0.1541	-0.006147	-0.148
11.5	-0.1591	-0.01026	-0.1489
11.51	-0.1633	-0.01444	-0.1489
11.52	-0.1673	-0.01867	-0.1487
11.53	-0.1719	-0.02296	-0.1489
11.54	-0.1772	-0.02728	-0.15
11.55	-0.1832	-0.03163	-0.1516
11.56	-0.1893	-0.03599	-0.1534
11.57	-0.1949	-0.04035	-0.1546
11.58	-0.1992	-0.04471	-0.1544
11.59	-0.2022	-0.04905	-0.1532
11.6	-0.2053	-0.05335	-0.152
11.61	-0.2095	-0.05761	-0.1519
11.62	-0.2143	-0.06182	-0.1525
11.63	-0.2188	-0.06595	-0.1529
11.64	-0.2231	-0.07001	-0.153
11.65	-0.2273	-0.07398	-0.1534
11.66	-0.2321	-0.07785	-0.1543
11.67	-0.2375	-0.0816	-0.1559
11.68	-0.2433	-0.08523	-0.1581
11.69	-0.2492	-0.08874	-0.1605
11.7	-0.2545	-0.0921	-0.1624
11.71	-0.2585	-0.09531	-0.1632
11.72	-0.2615	-0.09837	-0.1631
11.73	-0.264	-0.1013	-0.1627
11.74	-0.266	-0.104	-0.162
11.75	-0.2676	-0.1065	-0.1611
11.76	-0.2686	-0.1089	-0.1597
11.77	-0.2693	-0.1111	-0.1582
11.78	-0.2698	-0.1131	-0.1567
11.79	-0.2702	-0.1149	-0.1553
11.8	-0.2708	-0.1165	-0.1543
11.81	-0.2717	-0.118	-0.1537
11.82	-0.2724	-0.1192	-0.1532
11.83	-0.2726	-0.1203	-0.1524
11.84	-0.2723	-0.1211	-0.1512
11.85	-0.2719	-0.1218	-0.1501
11.86	-0.272	-0.1223	-0.1497
11.87	-0.2725	-0.1227	-0.1498
11.88	-0.2733	-0.1229	-0.1504
11.89	-0.2741	-0.1229	-0.1512
11.9	-0.2742	-0.1228	-0.1514
11.91	-0.2733	-0.1225	-0.1508
11.92	-0.2722	-0.1221	-0.1501
11.93	-0.2724	-0.1216	-0.1508
11.94	-0.2737	-0.1209	-0.1528
11.95	-0.2751	-0.1202	-0.1549
11.96	-0.2757	-0.1193	-0.1563
11.97	-0.2761	-0.1184	-0.1577
11.98	-0.2774	-0.1174	-0.1601
11.99	-0.2795	-0.1163	-0.1632
12	-0.2812	-0.1152	-0.166
12.01	-0.2814	-0.114	-0.1675
12.02	-0.2806	-0.1127	-0.1679
12.03	-0.2791	-0.1115	-0.1676
12.04	-0.2774	-0.1102	-0.1671
12.05	-0.2754	-0.1089	-0.1665
12.06	-0.2736	-0.1077	-0.1659
12.07	-0.2723	-0.1064	-0.166
12.08	-0.2723	-0.1051	-0.1672
12.09	-0.2736	-0.1039	-0.1698
12.1	-0.2756	-0.1026	-0.1729
12.11	-0.2775	-0.1014	-0.1761
12.12	-0.2787	-0.1003	-0.1784
12.13	-0.2781	-0.09912	-0.179
12.14	-0.2766	-0.09802	-0.1785
12.15	-0.2764	-0.09696	-0.1794
12.16	-0.2791	-0.09595	-0.1832
12.17	-0.2834	-0.09498	-0.1884
12.18	-0.2867	-0.09406	-0.1927
12.19	-0.2883	-0.09318	-0.1952
12.2	-0.2884	-0.09235	-0.196
12.21	-0.2875	-0.09155	-0.1959
12.22	-0.287	-0.0908	-0.1962
12.23	-0.2885	-0.09009	-0.1984
12.24	-0.2917	-0.08942	-0.2023
12.25	-0.2947	-0.08878	-0.206
12.26	-0.2958	-0.08818	-0.2077
12.27	-0.2954	-0.0876	-0.2078
12.28	-0.2943	-0.08705	-0.2072
12.29	-0.2928	-0.08653	-0.2063
12.3	-0.2909	-0.08602	-0.2049
12.31	-0.2885	-0.08552	-0.2029
12.32	-0.2857	-0.08504	-0.2007
12.33	-0.2829	-0.08457	-0.1983
12.34	-0.2805	-0.0841	-0.1964
12.35	-0.2791	-0.08363	-0.1955
12.36	-0.2789	-0.08315	-0.1958
12.37	-0.2786	-0.08267	-0.1959
12.38	-0.2763	-0.08218	-0.1941
12.39	-0.2725	-0.08168	-0.1908
12.4	-0.2697	-0.08116	-0.1885
12.41	-0.2695	-0.08062	-0.1889
12.42	-0.2705	-0.08006	-0.1904
12.43	-0.2704	-0.07947	-0.191
12.44	-0.269	-0.07885	-0.1901
12.45	-0.2676	-0.0782	-0.1894
12.46	-0.2674	-0.07752	-0.1899
12.47	-0.2673	-0.0768	-0.1905
12.48	-0.2654	-0.07604	-0.1893
12.49	-0.2613	-0.07524	-0.186
12.5	-0.2557	-0.0744	-0.1813
12.51	-0.2495	-0.07351	-0.176
12.52	-0.2441	-0.07257	-0.1715
12.53	-0.2409	-0.07159	-0.1693
12.54	-0.2402	-0.07055	-0.1696
12.55	-0.241	-0.06947	-0.1715
12.56	-0.2423	-0.06832	-0.174
12.57	-0.2431	-0.06713	-0.176
12.58	-0.2421	-0.06587	-0.1762
12.59	-0.2387	-0.06456	-0.1741
12.6	-0.2331	-0.06319	-0.1699
12.61	-0.2256	-0.06176	-0.1638
12.62	-0.2173	-0.06027	-0.1571
12.63	-0.2096	-0.05872	-0.1508
12.64	-0.2031	-0.0571	-0.1459
12.65	-0.1981	-0.05543	-0.1427
12.66	-0.1948	-0.05369	-0.1411
12.67	-0.1917	-0.0519	-0.1398
12.68	-0.1873	-0.05004	-0.1372
12.69	-0.1817	-0.04813	-0.1336
12.7	-0.1769	-0.04617	-0.1307
12.71	-0.1741	-0.04414	-0.13
12.72	-0.1721	-0.04207	-0.13
12.73	-0.1688	-0.03994	-0.1288
12.74	-0.1638	-0.03777	-0.126
12.75	-0.1581	-0.03556	-0.1225
12.76	-0.1524	-0.0333	-0.1191
12.77	-0.1464	-0.03101	-0.1154
12.78	-0.1397	-0.02869	-0.111
12.79	-0.1323	-0.02634	-0.1059
12.8	-0.1246	-0.02397	-0.1006
12.81	-0.1171	-0.02158	-0.09554
12.82	-0.1098	-0.01918	-0.0906
12.83	-0.1024	-0.01677	-0.08566
12.84	-0.09539	-0.01435	-0.08104
12.85	-0.08947	-0.01195	-0.07752
12.86	-0.08508	-0.009547	-0.07553
12.87	-0.08117	-0.007162	-0.074
12.88	-0.07633	-0.004797	-0.07153
12.89	-0.07046	-0.002458	-0.06801
12.9	-0.06477	-0.000148	-0.06462
12.91	-0.06011	0.002126	-0.06224
12.92	-0.05575	0.004361	-0.06011
12.93	-0.05057	0.006551	-0.05712
12.94	-0.04436	0.008693	-0.05306
12.95	-0.03777	0.01078	-0.04855
12.96	-0.03137	0.01282	-0.04419
12.97	-0.02537	0.0148	-0.04016
12.98	-0.01985	0.01672	-0.03657
12.99	-0.01498	0.01857	-0.03356
13	-0.01096	0.02037	-0.03132
13.01	-0.007945	0.0221	-0.03004
13.02	-0.006003	0.02376	-0.02976
13.03	-0.005127	0.02536	-0.03049
13.04	-0.004651	0.0269	-0.03155
13.05	-0.003248	0.02838	-0.03163
13.06	3.535e-05	0.0298	-0.02976
13.07	0.004545	0.03116	-0.02661
13.08	0.00923	0.03246	-0.02323
13.09	0.01315	0.03372	-0.02057
13.1	0.01548	0.03492	-0.01944
13.11	0.01572	0.03608	-0.02036
13.12	0.01464	0.03719	-0.02256
13.13	0.01334	0.03827	-0.02494
13.14	0.01271	0.03932	-0.0266
13.15	0.01349	0.04033	-0.02684
13.16	0.01606	0.04132	-0.02526
13.17	0.01946	0.04228	-0.02282
13.18	0.02247	0.04323	-0.02076
13.19	0.02411	0.04417	-0.02005
13.2	0.0237	0.04509	-0.02139
13.21	0.02125	0.046	-0.02476
13.22	0.01945	0.04692	-0.02746
13.23	0.02155	0.04782	-0.02628
13.24	0.02715	0.04873	-0.02158
13.25	0.0323	0.04965	-0.01735
13.26	0.03399	0.05056	-0.01658
13.27	0.03374	0.05148	-0.01774
13.28	0.03415	0.05241	-0.01826
13.29	0.03618	0.05334	-0.01716
13.3	0.03922	0.05428	-0.01506
13.31	0.04267	0.05522	-0.01256
13.32	0.04624	0.05617	-0.009928
13.33	0.04976	0.05712	-0.007358
13.34	0.05289	0.05807	-0.005181
13.35	0.05515	0.05902	-0.003873
13.36	0.05636	0.05997	-0.003609
13.37	0.05758	0.06091	-0.003326
13.38	0.06012	0.06184	-0.001718
13.39	0.06381	0.06275	0.001057
13.4	0.06703	0.06366	0.003374
13.41	0.06865	0.06454	0.004104
13.42	0.06978	0.0654	0.004374
13.43	0.07202	0.06624	0.005783
13.44	0.07497	0.06705	0.007916
13.45	0.07618	0.06783	0.008345
13.46	0.07381	0.06858	0.005229
13.47	0.06873	0.06929	-0.0005616
13.48	0.06248	0.06996	-0.007475
13.49	0.05677	0.07059	-0.01382
13.5	0.05342	0.07118	-0.01776
13.51	0.05361	0.07172	-0.01811
13.52	0.05589	0.07222	-0.01634
13.53	0.05818	0.07268	-0.0145
13.54	0.05958	0.07309	-0.01351
13.55	0.0603	0.07345	-0.01316
13.56	0.06053	0.07377	-0.01324
13.57	0.06012	0.07405	-0.01392
13.58	0.05885	0.07428	-0.01543
13.59	0.05726	0.07447	-0.01721
13.6	0.05671	0.07462	-0.01791
13.61	0.05819	0.07474	-0.01654
13.62	0.06122	0.07482	-0.0136
13.63	0.06493	0.07487	-0.009937
13.64	0.06875	0.07489	-0.006137
13.65	0.07238	0.07488	-0.0025
13.66	0.0755	0.07486	0.0006432
13.67	0.0776	0.07481	0.002793
13.68	0.0782	0.07475	0.003447
13.69	0.07762	0.07468	0.002939
13.7	0.07705	0.0746	0.002446
13.71	0.07741	0.07451	0.002895
13.72	0.07849	0.07443	0.004064
13.73	0.0798	0.07435	0.005453
13.74	0.08089	0.07427	0.006623
13.75	0.0814	0.0742	0.007201
13.76	0.08113	0.07415	0.00698
13.77	0.08052	0.0741	0.006417
13.78	0.08017	0.07407	0.006099
13.79	0.08	0.07406	0.005939
13.8	0.07924	0.07407	0.005171
13.81	0.07744	0.0741	0.003333
13.82	0.07546	0.07415	0.001305
13.83	0.07452	0.07423	0.0002891
13.84	0.07558	0.07432	0.001257
13.85	0.07939	0.07444	0.004947
13.86	0.08589	0.07458	0.01131
13.87	0.09195	0.07474	0.01721
13.88	0.09383	0.07492	0.01891
13.89	0.0919	0.07512	0.01678
13.9	0.09067	0.07533	0.01534
13.91	0.09318	0.07556	0.01761
13.92	0.09595	0.07581	0.02015
13.93	0.09411	0.07606	0.01806
13.94	0.08755	0.07631	0.01124
13.95	0.08093	0.07657	0.004358
13.96	0.07813	0.07684	0.001291
13.97	0.079	0.07709	0.001901
13.98	0.08236	0.07735	0.005016
13.99	0.08646	0.07759	0.008872
14	0.08893	0.07782	0.01111
14.01	0.08828	0.07803	0.01025
14.02	0.08668	0.07822	0.008455
14.03	0.08707	0.07839	0.008685
14.04	0.08989	0.07853	0.01136
14.05	0.093	0.07864	0.01436
14.06	0.09458	0.07871	0.01587
14.07	0.0945	0.07874	0.01576
14.08	0.09305	0.07874	0.01431
14.09	0.09119	0.07868	0.0125
14.1	0.09053	0.07859	0.01194
14.11	0.09209	0.07844	0.01365
14.12	0.09444	0.07824	0.01619
14.13	0.09557	0.07799	0.01758
14.14	0.09473	0.07769	0.01705
14.15	0.09241	0.07733	0.01508
14.16	0.08919	0.07691	0.01228
14.17	0.08597	0.07644	0.009535
14.18	0.08366	0.0759	0.007754
14.19	0.08233	0.07531	0.00702
14.2	0.08125	0.07467	0.006583
14.21	0.07957	0.07397	0.005598
14.22	0.0762	0.07321	0.002984
14.23	0.0701	0.07241	-0.002305
14.24	0.06239	0.07155	-0.009161
14.25	0.05633	0.07065	-0.01432
14.26	0.05438	0.0697	-0.01532
14.27	0.05536	0.06871	-0.01335
14.28	0.05723	0.06768	-0.01045
14.29	0.05847	0.06662	-0.008145
14.3	0.0581	0.06553	-0.007422
14.31	0.05555	0.06441	-0.008859
14.32	0.05176	0.06327	-0.01152
14.33	0.04801	0.06212	-0.01411
14.34	0.04476	0.06095	-0.01619
14.35	0.04161	0.05978	-0.01817
14.36	0.03832	0.0586	-0.02028
14.37	0.03541	0.05743	-0.02202
14.38	0.03354	0.05626	-0.02273
14.39	0.03253	0.05511	-0.02258
14.4	0.03137	0.05398	-0.02261
14.41	0.02914	0.05286	-0.02372
14.42	0.02559	0.05177	-0.02618
14.43	0.02066	0.05071	-0.03006
14.44	0.01524	0.04969	-0.03444
14.45	0.01121	0.0487	-0.03748
14.46	0.009781	0.04774	-0.03796
14.47	0.009438	0.04683	-0.03739
14.48	0.00805	0.04595	-0.0379
14.49	0.005096	0.04512	-0.04002
14.5	0.001667	0.04433	-0.04267
14.51	-0.001389	0.04359	-0.04498
14.52	-0.004469	0.04288	-0.04735
14.53	-0.008251	0.04222	-0.05047
14.54	-0.01271	0.04159	-0.0543
14.55	-0.01712	0.04101	-0.05812
14.56	-0.02106	0.04045	-0.06151
14.57	-0.02551	0.03992	-0.06544
14.58	-0.03174	0.03943	-0.07116
14.59	-0.0397	0.03895	-0.07865
14.6	-0.04806	0.03849	-0.08655
14.61	-0.05555	0.03804	-0.09359
14.62	-0.06144	0.03759	-0.09903
14.63	-0.06511	0.03715	-0.1023
14.64	-0.06638	0.0367	-0.1031
14.65	-0.06547	0.03624	-0.1017
14.66	-0.06278	0.03577	-0.09855
14.67	-0.05938	0.03527	-0.09464
14.68	-0.05647	0.03474	-0.09121
14.69	-0.05489	0.03418	-0.08907
14.7	-0.05511	0.03357	-0.08868
14.71	-0.05736	0.03292	-0.09028
14.72	-0.06105	0.03222	-0.09327
14.73	-0.0654	0.03147	-0.09688
14.74	-0.07023	0.03066	-0.1009
14.75	-0.07593	0.02979	-0.1057
14.76	-0.08258	0.02885	-0.1114
14.77	-0.08898	0.02785	-0.1168
14.78	-0.09361	0.02679	-0.1204
14.79	-0.09591	0.02565	-0.1216
14.8	-0.09623	0.02445	-0.1207
14.81	-0.09518	0.02318	-0.1184
14.82	-0.09435	0.02185	-0.1162
14.83	-0.09547	0.02045	-0.1159
14.84	-0.09838	0.01899	-0.1174
14.85	-0.101	0.01748	-0.1185
14.86	-0.1019	0.01591	-0.1178
14.87	-0.1018	0.0143	-0.1161
14.88	-0.1021	0.01264	-0.1148
14.89	-0.1033	0.01094	-0.1143
14.9	-0.1047	0.009214	-0.1139
14.91	-0.1059	0.007459	-0.1134
14.92	-0.1074	0.005684	-0.113
14.93	-0.1095	0.003896	-0.1134
14.94	-0.1122	0.0021	-0.1143
14.95	-0.1143	0.0003041	-0.1146
14.96	-0.1152	-0.001487	-0.1138
14.97	-0.1155	-0.003266	-0.1123
14.98	-0.1161	-0.005027	-0.1111
14.99	-0.1175	-0.006765	-0.1107
15	-0.1195	-0.008475	-0.1111
15.01	-0.122	-0.01015	-0.1118
15.02	-0.1236	-0.01179	-0.1118
15.03	-0.123	-0.01339	-0.1096
15.04	-0.1205	-0.01494	-0.1055
15.05	-0.118	-0.01645	-0.1015
15.06	-0.1169	-0.01791	-0.09904
15.07	-0.1171	-0.01931	-0.09776
15.08	-0.1174	-0.02066	-0.09675
15.09	-0.1173	-0.02197	-0.09531
15.1	-0.1161	-0.02322	-0.09286
15.11	-0.1135	-0.02441	-0.0891
15.12	-0.1102	-0.02556	-0.0846
15.13	-0.1069	-0.02666	-0.08022
15.14	-0.1045	-0.02771	-0.07679
15.15	-0.1039	-0.02871	-0.07518
15.16	-0.1054	-0.02967	-0.07576
15.17	-0.1073	-0.03059	-0.0767
15.18	-0.1072	-0.03147	-0.07576
15.19	-0.1052	-0.03232	-0.07289
15.2	-0.1033	-0.03313	-0.07022
15.21	-0.1031	-0.03391	-0.0692
15.22	-0.1028	-0.03466	-0.06818
15.23	-0.1002	-0.03538	-0.06484
15.24	-0.09484	-0.03608	-0.05876
15.25	-0.0882	-0.03675	-0.05145
15.26	-0.08172	-0.03739	-0.04432
15.27	-0.07608	-0.03802	-0.03806
15.28	-0.07177	-0.03861	-0.03316
15.29	-0.06848	-0.03918	-0.02929
15.3	-0.06511	-0.03972	-0.02539
15.31	-0.06091	-0.04024	-0.02067
15.32	-0.05644	-0.04072	-0.01572
15.33	-0.05261	-0.04116	-0.01145
15.34	-0.04972	-0.04157	-0.008153
15.35	-0.04742	-0.04193	-0.005491
15.36	-0.04531	-0.04224	-0.003071
15.37	-0.04285	-0.04251	-0.0003419
15.38	-0.03947	-0.04271	0.003242
15.39	-0.03567	-0.04285	0.007186
15.4	-0.03297	-0.04293	0.009956
15.41	-0.03237	-0.04293	0.01056
15.42	-0.03252	-0.04286	0.01033
15.43	-0.03155	-0.0427	0.01114
15.44	-0.02873	-0.04245	0.01372
15.45	-0.02447	-0.04211	0.01764
15.46	-0.01955	-0.04168	0.02212
15.47	-0.01597	-0.04115	0.02518
15.48	-0.01591	-0.04051	0.02461
15.49	-0.01896	-0.03978	0.02081
15.5	-0.02214	-0.03893	0.01679
15.51	-0.023	-0.03799	0.01498
15.52	-0.0218	-0.03694	0.01514
15.53	-0.01943	-0.03578	0.01636
15.54	-0.0165	-0.03453	0.01802
15.55	-0.01334	-0.03317	0.01983
15.56	-0.01005	-0.03173	0.02167
15.57	-0.006011	-0.03019	0.02418
15.58	-0.0004336	-0.02858	0.02815
15.59	0.006454	-0.02689	0.03335
15.6	0.01342	-0.02514	0.03856
15.61	0.01943	-0.02332	0.04275
15.62	0.02437	-0.02146	0.04584
15.63	0.02839	-0.01956	0.04795
15.64	0.03174	-0.01763	0.04938
15.65	0.03487	-0.01569	0.05056
15.66	0.03811	-0.01374	0.05185
15.67	0.04142	-0.01179	0.05321
15.68	0.0447	-0.009863	0.05456
15.69	0.04809	-0.007962	0.05606
15.7	0.05204	-0.006101	0.05814
15.71	0.05661	-0.00429	0.0609
15.72	0.0605	-0.002539	0.06304
15.73	0.06212	-0.0008594	0.06297
15.74	0.06176	0.0007403	0.06102
15.75	0.06162	0.002252	0.05936
15.76	0.06329	0.003666	0.05962
15.77	0.06574	0.004978	0.06076
15.78	0.06733	0.006181	0.06115
15.79	0.06769	0.00727	0.06042
15.8	0.06768	0.008242	0.05944
15.81	0.06809	0.009094	0.05899
15.82	0.06897	0.009824	0.05914
15.83	0.07023	0.01043	0.05979
15.84	0.07178	0.01092	0.06086
15.85	0.0736	0.01129	0.06231
15.86	0.07564	0.01154	0.0641
15.87	0.07795	0.01168	0.06627
15.88	0.08061	0.01172	0.06889
15.89	0.08378	0.01165	0.07214
15.9	0.08779	0.01148	0.07631
15.91	0.09253	0.01124	0.0813
15.92	0.09626	0.01091	0.08535
15.93	0.09691	0.01051	0.08641
15.94	0.0943	0.01004	0.08425
15.95	0.09011	0.009526	0.08058
15.96	0.08597	0.008964	0.077
15.97	0.08287	0.008367	0.0745
15.98	0.08164	0.007744	0.0739
15.99	0.08312	0.007102	0.07602
16	0.08814	0.006451	0.08169
