0.5	-0.9152	1.34	-2.255
0.51	-0.8631	1.291	-2.154
0.52	-0.8109	1.243	-2.054
0.53	-0.7585	1.196	-1.955
0.54	-0.7053	1.151	-1.856
0.55	-0.6509	1.108	-1.759
0.56	-0.595	1.066	-1.661
0.57	-0.5378	1.026	-1.564
0.58	-0.4794	0.9877	-1.467
0.59	-0.42	0.9512	-1.371
0.6	-0.3597	0.9166	-1.276
0.61	-0.2986	0.8837	-1.182
0.62	-0.2371	0.8526	-1.09
0.63	-0.1751	0.8232	-0.9983
0.64	-0.1128	0.7955	-0.9083
0.65	-0.05021	0.7695	-0.8197
0.66	0.01269	0.745	-0.7323
0.67	0.07588	0.722	-0.6462
0.68	0.1393	0.7005	-0.5612
0.69	0.2028	0.6804	-0.4776
0.7	0.266	0.6616	-0.3956
0.71	0.3286	0.6441	-0.3155
0.72	0.3903	0.6277	-0.2374
0.73	0.4509	0.6124	-0.1615
0.74	0.5103	0.5982	-0.0879
0.75	0.5683	0.5849	-0.0166
0.76	0.6246	0.5725	0.05217
0.77	0.6788	0.5609	0.1179
0.78	0.7301	0.5501	0.18
0.79	0.7782	0.54	0.2382
0.8	0.8231	0.5306	0.2925
0.81	0.8646	0.5217	0.3429
0.82	0.9027	0.5135	0.3892
0.83	0.9371	0.5057	0.4315
0.84	0.9678	0.4984	0.4694
0.85	0.9943	0.4915	0.5028
0.86	1.017	0.485	0.5316
0.87	1.035	0.4788	0.5557
0.88	1.048	0.473	0.5752
0.89	1.058	0.4674	0.5904
0.9	1.064	0.4621	0.6021
0.91	1.068	0.457	0.6109
0.92	1.07	0.4521	0.6175
0.93	1.07	0.4473	0.6225
0.94	1.069	0.4427	0.626
0.95	1.066	0.4381	0.6281
0.96	1.062	0.4336	0.6288
0.97	1.057	0.4291	0.6283
0.98	1.052	0.4246	0.6269
0.99	1.046	0.4201	0.6255
1	1.041	0.4155	0.6254
1.01	1.039	0.4108	0.6279
1.02	1.04	0.406	0.6343
1.03	1.047	0.401	0.6458
1.04	1.059	0.3958	0.6634
1.05	1.078	0.3904	0.6877
1.06	1.104	0.3848	0.7195
1.07	1.139	0.3789	0.7597
1.08	1.182	0.3726	0.809
1.09	1.235	0.3661	0.8685
1.1	1.299	0.3591	0.9395
1.11	1.375	0.3518	1.024
1.12	1.467	0.3442	1.123
1.13	1.575	0.336	1.239
1.14	1.702	0.3275	1.374
1.15	1.849	0.3186	1.53
1.16	2.016	0.3091	1.707
1.17	2.203	0.2993	1.904
1.18	2.41	0.289	2.121
1.19	2.632	0.2782	2.353
1.2	2.865	0.267	2.598
1.21	3.103	0.2554	2.848
1.22	3.339	0.2434	3.095
1.23	3.563	0.2309	3.332
1.24	3.765	0.2181	3.547
1.25	3.933	0.2049	3.728
1.26	4.055	0.1914	3.864
1.27	4.124	0.1775	3.946
1.28	4.133	0.1634	3.969
1.29	4.078	0.149	3.929
1.3	3.961	0.1344	3.827
1.31	3.785	0.1196	3.665
1.32	3.56	0.1046	3.456
1.33	3.301	0.08954	3.212
1.34	3.021	0.07435	2.946
1.35	2.73	0.0591	2.671
1.36	2.44	0.04382	2.396
1.37	2.159	0.02854	2.13
1.38	1.89	0.01329	1.877
1.39	1.638	-0.001897	1.64
1.4	1.404	-0.017	1.421
1.41	1.189	-0.03199	1.221
1.42	0.9921	-0.04684	1.039
1.43	0.8129	-0.06154	0.8744
1.44	0.6508	-0.07607	0.7269
1.45	0.5053	-0.09042	0.5957
1.46	0.3752	-0.1046	0.4798
1.47	0.2593	-0.1185	0.3778
1.48	0.1557	-0.1322	0.2879
1.49	0.06289	-0.1457	0.2086
1.5	-0.02061	-0.159	0.1384
1.51	-0.09621	-0.172	0.07582
1.52	-0.1649	-0.1848	0.01993
1.53	-0.2276	-0.1974	-0.03019
1.54	-0.2852	-0.2098	-0.07535
1.55	-0.3383	-0.222	-0.1163
1.56	-0.3876	-0.2339	-0.1536
1.57	-0.4334	-0.2457	-0.1877
1.58	-0.4761	-0.2573	-0.2188
1.59	-0.5157	-0.2687	-0.247
1.6	-0.5524	-0.2799	-0.2725
1.61	-0.5862	-0.2909	-0.2952
1.62	-0.6172	-0.3018	-0.3153
1.63	-0.6454	-0.3126	-0.3329
1.64	-0.6712	-0.3231	-0.3481
1.65	-0.695	-0.3336	-0.3614
1.66	-0.7171	-0.3439	-0.3732
1.67	-0.7376	-0.354	-0.3836
1.68	-0.7563	-0.364	-0.3923
1.69	-0.7732	-0.3738	-0.3994
1.7	-0.7881	-0.3835	-0.4046
1.71	-0.801	-0.3931	-0.408
1.72	-0.8122	-0.4024	-0.4098
1.73	-0.8219	-0.4115	-0.4103
1.74	-0.8304	-0.4205	-0.4099
1.75	-0.8378	-0.4292	-0.4086
1.76	-0.844	-0.4377	-0.4063
1.77	-0.8488	-0.446	-0.4028
1.78	-0.8519	-0.4539	-0.398
1.79	-0.8532	-0.4616	-0.3916
1.8	-0.8524	-0.4689	-0.3835
1.81	-0.8495	-0.4759	-0.3736
1.82	-0.8446	-0.4825	-0.3621
1.83	-0.8378	-0.4887	-0.3491
1.84	-0.8292	-0.4945	-0.3347
1.85	-0.8189	-0.4998	-0.3191
1.86	-0.8072	-0.5047	-0.3025
1.87	-0.7939	-0.5091	-0.2849
1.88	-0.7794	-0.513	-0.2664
1.89	-0.7635	-0.5163	-0.2472
1.9	-0.7462	-0.5191	-0.2271
1.91	-0.7273	-0.5213	-0.206
1.92	-0.707	-0.523	-0.184
1.93	-0.6852	-0.524	-0.1612
1.94	-0.662	-0.5245	-0.1375
1.95	-0.6374	-0.5243	-0.1131
1.96	-0.6116	-0.5236	-0.08798
1.97	-0.5847	-0.5223	-0.06243
1.98	-0.557	-0.5203	-0.03667
1.99	-0.5287	-0.5178	-0.0109
2	-0.5	-0.5147	0.01472
2.01	-0.4711	-0.5111	0.04001
2.02	-0.4421	-0.5069	0.06476
2.03	-0.4134	-0.5021	0.08876
2.04	-0.385	-0.4969	0.1119
2.05	-0.3572	-0.4911	0.134
2.06	-0.3299	-0.485	0.155
2.07	-0.3036	-0.4783	0.1747
2.08	-0.2785	-0.4713	0.1928
2.09	-0.255	-0.4639	0.2089
2.1	-0.2333	-0.4561	0.2228
2.11	-0.2138	-0.4481	0.2343
2.12	-0.1964	-0.4397	0.2434
2.13	-0.1809	-0.4312	0.2503
2.14	-0.167	-0.4224	0.2554
2.15	-0.1544	-0.4134	0.259
2.16	-0.1429	-0.4042	0.2614
2.17	-0.1325	-0.395	0.2625
2.18	-0.1237	-0.3856	0.2619
2.19	-0.1167	-0.3762	0.2595
2.2	-0.1113	-0.3667	0.2554
2.21	-0.1077	-0.3572	0.2496
2.22	-0.1053	-0.3478	0.2424
2.23	-0.104	-0.3383	0.2343
2.24	-0.1033	-0.3289	0.2256
2.25	-0.1032	-0.3195	0.2163
2.26	-0.1036	-0.3102	0.2065
2.27	-0.1044	-0.3009	0.1966
2.28	-0.1052	-0.2918	0.1866
2.29	-0.1059	-0.2827	0.1767
2.3	-0.1064	-0.2737	0.1673
2.31	-0.1063	-0.2648	0.1585
2.32	-0.1056	-0.256	0.1504
2.33	-0.1043	-0.2473	0.143
2.34	-0.1022	-0.2386	0.1365
2.35	-0.09948	-0.2301	0.1306
2.36	-0.09617	-0.2216	0.1254
2.37	-0.09228	-0.2132	0.1209
2.38	-0.08781	-0.2049	0.1171
2.39	-0.08273	-0.1966	0.1139
2.4	-0.07693	-0.1884	0.1114
2.41	-0.07031	-0.1802	0.1099
2.42	-0.06269	-0.1721	0.1094
2.43	-0.0539	-0.164	0.1101
2.44	-0.04387	-0.1559	0.1121
2.45	-0.03263	-0.1479	0.1153
2.46	-0.0202	-0.1399	0.1197
2.47	-0.006498	-0.132	0.1255
2.48	0.008566	-0.124	0.1326
2.49	0.02494	-0.1161	0.1411
2.5	0.04241	-0.1083	0.1507
2.51	0.06078	-0.1005	0.1613
2.52	0.07983	-0.09275	0.1726
2.53	0.09936	-0.08508	0.1844
2.54	0.1192	-0.07748	0.1967
2.55	0.1392	-0.06997	0.2092
2.56	0.1593	-0.06256	0.2218
2.57	0.1793	-0.05527	0.2346
2.58	0.1991	-0.04811	0.2472
2.59	0.2187	-0.0411	0.2598
2.6	0.2377	-0.03426	0.272
2.61	0.2562	-0.02759	0.2838
2.62	0.274	-0.02112	0.2951
2.63	0.2912	-0.01486	0.306
2.64	0.3077	-0.008832	0.3166
2.65	0.3237	-0.003047	0.3268
2.66	0.3393	0.002481	0.3368
2.67	0.3544	0.007738	0.3467
2.68	0.3693	0.01271	0.3566
2.69	0.3838	0.01739	0.3664
2.7	0.3979	0.02177	0.3762
2.71	0.4114	0.02584	0.3856
2.72	0.424	0.0296	0.3944
2.73	0.4356	0.03304	0.4026
2.74	0.446	0.03615	0.4099
2.75	0.4556	0.03895	0.4166
2.76	0.4644	0.04143	0.423
2.77	0.4726	0.0436	0.429
2.78	0.4804	0.04546	0.435
2.79	0.4877	0.04701	0.4407
2.8	0.4944	0.04828	0.4461
2.81	0.5002	0.04926	0.451
2.82	0.5051	0.04996	0.4552
2.83	0.509	0.05041	0.4586
2.84	0.5118	0.05061	0.4612
2.85	0.5137	0.05057	0.4631
2.86	0.5148	0.05032	0.4645
2.87	0.5155	0.04985	0.4657
2.88	0.5163	0.04919	0.4671
2.89	0.5171	0.04834	0.4688
2.9	0.5177	0.04732	0.4704
2.91	0.5179	0.04613	0.4717
2.92	0.5175	0.0448	0.4727
2.93	0.5166	0.04332	0.4733
2.94	0.5153	0.0417	0.4736
2.95	0.5137	0.03994	0.4737
2.96	0.5118	0.03806	0.4737
2.97	0.5096	0.03604	0.4736
2.98	0.5069	0.03389	0.473
2.99	0.5036	0.0316	0.472
3	0.4993	0.02917	0.4701
3.01	0.4938	0.0266	0.4672
3.02	0.4871	0.02387	0.4632
3.03	0.4792	0.02097	0.4582
3.04	0.4703	0.01789	0.4524
3.05	0.4605	0.01461	0.4459
3.06	0.4501	0.01113	0.439
3.07	0.439	0.007424	0.4316
3.08	0.4271	0.003474	0.4237
3.09	0.4145	-0.0007344	0.4153
3.1	0.4012	-0.00522	0.4064
3.11	0.3873	-0.009998	0.3973
3.12	0.3727	-0.01509	0.3878
3.13	0.3575	-0.0205	0.378
3.14	0.3414	-0.02626	0.3677
3.15	0.3246	-0.03237	0.3569
3.16	0.3068	-0.03886	0.3457
3.17	0.2883	-0.04571	0.334
3.18	0.2692	-0.05296	0.3222
3.19	0.2498	-0.06059	0.3104
3.2	0.2303	-0.06862	0.2989
3.21	0.2108	-0.07704	0.2878
3.22	0.191	-0.08585	0.2769
3.23	0.1708	-0.09505	0.2658
3.24	0.1498	-0.1046	0.2544
3.25	0.128	-0.1146	0.2425
3.26	0.1052	-0.1248	0.2301
3.27	0.08187	-0.1355	0.2173
3.28	0.0581	-0.1464	0.2045
3.29	0.03415	-0.1576	0.1917
3.3	0.01016	-0.169	0.1792
3.31	-0.01376	-0.1807	0.167
3.32	-0.0376	-0.1926	0.155
3.33	-0.06133	-0.2046	0.1433
3.34	-0.08499	-0.2168	0.1318
3.35	-0.1087	-0.229	0.1203
3.36	-0.1323	-0.2413	0.1089
3.37	-0.1559	-0.2535	0.09764
3.38	-0.1791	-0.2658	0.08666
3.39	-0.2019	-0.2779	0.07608
3.4	-0.224	-0.29	0.06594
3.41	-0.2456	-0.3018	0.05628
3.42	-0.2664	-0.3135	0.04708
3.43	-0.2866	-0.3249	0.03833
3.44	-0.3062	-0.3361	0.02991
3.45	-0.3253	-0.3469	0.02167
3.46	-0.3439	-0.3575	0.01351
3.47	-0.3619	-0.3676	0.005717
3.48	-0.3787	-0.3773	-0.001368
3.49	-0.3943	-0.3867	-0.007669
3.5	-0.4089	-0.3955	-0.01339
3.51	-0.4227	-0.4039	-0.01871
3.52	-0.4356	-0.4119	-0.02366
3.53	-0.4476	-0.4194	-0.02824
3.54	-0.4589	-0.4263	-0.03258
3.55	-0.4698	-0.4328	-0.03695
3.56	-0.4803	-0.4388	-0.04153
3.57	-0.4905	-0.4443	-0.04619
3.58	-0.5	-0.4493	-0.0507
3.59	-0.5089	-0.4539	-0.05499
3.6	-0.5171	-0.458	-0.05914
3.61	-0.5248	-0.4616	-0.06321
3.62	-0.5321	-0.4649	-0.06722
3.63	-0.5389	-0.4677	-0.07119
3.64	-0.5452	-0.4701	-0.07503
3.65	-0.5508	-0.4722	-0.07862
3.66	-0.5558	-0.474	-0.08185
3.67	-0.5603	-0.4754	-0.08485
3.68	-0.5644	-0.4766	-0.08778
3.69	-0.5683	-0.4775	-0.09074
3.7	-0.572	-0.4782	-0.09377
3.71	-0.5755	-0.4787	-0.09683
3.72	-0.5788	-0.479	-0.09975
3.73	-0.5815	-0.4792	-0.1023
3.74	-0.5837	-0.4792	-0.1045
3.75	-0.5857	-0.4792	-0.1065
3.76	-0.5877	-0.4791	-0.1086
3.77	-0.5895	-0.4789	-0.1106
3.78	-0.591	-0.4787	-0.1124
3.79	-0.5924	-0.4784	-0.114
3.8	-0.5937	-0.4782	-0.1155
3.81	-0.5949	-0.4779	-0.117
3.82	-0.5961	-0.4777	-0.1184
3.83	-0.5969	-0.4774	-0.1195
3.84	-0.5973	-0.4772	-0.1201
3.85	-0.5973	-0.477	-0.1204
3.86	-0.597	-0.4768	-0.1202
3.87	-0.5964	-0.4766	-0.1197
3.88	-0.5958	-0.4765	-0.1193
3.89	-0.5955	-0.4764	-0.1191
3.9	-0.5956	-0.4762	-0.1194
3.91	-0.5963	-0.4761	-0.1202
3.92	-0.5971	-0.4759	-0.1212
3.93	-0.5976	-0.4757	-0.1219
3.94	-0.5976	-0.4755	-0.1221
3.95	-0.5974	-0.4752	-0.1222
3.96	-0.5971	-0.4749	-0.1222
3.97	-0.5969	-0.4744	-0.1225
3.98	-0.597	-0.4739	-0.123
3.99	-0.5972	-0.4733	-0.1239
4	-0.5973	-0.4726	-0.1248
4.01	-0.5972	-0.4717	-0.1255
4.02	-0.5968	-0.4707	-0.1261
4.03	-0.5961	-0.4695	-0.1266
4.04	-0.595	-0.4682	-0.1268
4.05	-0.5937	-0.4667	-0.127
4.06	-0.5923	-0.4651	-0.1272
4.07	-0.5907	-0.4632	-0.1275
4.08	-0.589	-0.4612	-0.1278
4.09	-0.5871	-0.4589	-0.1282
4.1	-0.5848	-0.4565	-0.1283
4.11	-0.5821	-0.4539	-0.1283
4.12	-0.5792	-0.451	-0.1281
4.13	-0.5763	-0.448	-0.1283
4.14	-0.5735	-0.4447	-0.1287
4.15	-0.5703	-0.4413	-0.129
4.16	-0.5666	-0.4376	-0.1289
4.17	-0.5625	-0.4338	-0.1287
4.18	-0.5584	-0.4297	-0.1286
4.19	-0.5543	-0.4255	-0.1288
4.2	-0.5499	-0.4211	-0.1289
4.21	-0.5452	-0.4164	-0.1287
4.22	-0.5398	-0.4116	-0.1282
4.23	-0.5337	-0.4066	-0.1272
4.24	-0.527	-0.4014	-0.1257
4.25	-0.5198	-0.396	-0.1239
4.26	-0.5122	-0.3904	-0.1219
4.27	-0.5044	-0.3846	-0.1198
4.28	-0.4963	-0.3786	-0.1177
4.29	-0.4881	-0.3724	-0.1157
4.3	-0.4797	-0.366	-0.1138
4.31	-0.4713	-0.3594	-0.1119
4.32	-0.4625	-0.3525	-0.1099
4.33	-0.4533	-0.3455	-0.1078
4.34	-0.4438	-0.3382	-0.1056
4.35	-0.4341	-0.3306	-0.1035
4.36	-0.4244	-0.3228	-0.1016
4.37	-0.4142	-0.3147	-0.09952
4.38	-0.4031	-0.3064	-0.09676
4.39	-0.391	-0.2977	-0.09328
4.4	-0.3782	-0.2887	-0.08951
4.41	-0.3652	-0.2794	-0.08582
4.42	-0.3522	-0.2698	-0.08241
4.43	-0.3392	-0.2598	-0.07942
4.44	-0.3261	-0.2494	-0.07671
4.45	-0.3126	-0.2387	-0.07388
4.46	-0.2982	-0.2276	-0.07065
4.47	-0.2832	-0.216	-0.06719
4.48	-0.2679	-0.2041	-0.06379
4.49	-0.2523	-0.1917	-0.0606
4.5	-0.2366	-0.179	-0.05763
4.51	-0.2206	-0.1657	-0.05488
4.52	-0.2043	-0.1521	-0.05222
4.53	-0.1875	-0.138	-0.04951
4.54	-0.1701	-0.1234	-0.04666
4.55	-0.1521	-0.1085	-0.04361
4.56	-0.1334	-0.09306	-0.04037
4.57	-0.1144	-0.07722	-0.03715
4.58	-0.09516	-0.06096	-0.03419
4.59	-0.07589	-0.04429	-0.03159
4.6	-0.05652	-0.02722	-0.02929
4.61	-0.03705	-0.009771	-0.02728
4.62	-0.01773	0.008049	-0.02578
4.63	0.001155	0.02622	-0.02506
4.64	0.01966	0.04471	-0.02505
4.65	0.03819	0.06351	-0.02533
4.66	0.05706	0.0826	-0.02553
4.67	0.07621	0.1019	-0.02572
4.68	0.09549	0.1215	-0.02601
4.69	0.115	0.1413	-0.02628
4.7	0.1351	0.1612	-0.02613
4.71	0.1559	0.1813	-0.02533
4.72	0.177	0.2014	-0.0244
4.73	0.1977	0.2217	-0.02399
4.74	0.2177	0.242	-0.02432
4.75	0.2371	0.2623	-0.02518
4.76	0.2563	0.2826	-0.0263
4.77	0.2754	0.3028	-0.02738
4.78	0.2949	0.323	-0.02809
4.79	0.3146	0.343	-0.02835
4.8	0.3345	0.3629	-0.02834
4.81	0.3544	0.3826	-0.02819
4.82	0.3743	0.402	-0.02777
4.83	0.3944	0.4213	-0.02691
4.84	0.4146	0.4403	-0.0257
4.85	0.4345	0.459	-0.02444
4.86	0.4539	0.4774	-0.02343
4.87	0.4725	0.4954	-0.0229
4.88	0.4901	0.5131	-0.02302
4.89	0.5068	0.5304	-0.02361
4.9	0.5232	0.5473	-0.02408
4.91	0.5397	0.5637	-0.02404
4.92	0.556	0.5798	-0.02376
4.93	0.5717	0.5953	-0.02365
4.94	0.5866	0.6104	-0.02377
4.95	0.6012	0.625	-0.02379
4.96	0.6157	0.6391	-0.02343
4.97	0.6301	0.6527	-0.02262
4.98	0.6444	0.6658	-0.02137
4.99	0.6586	0.6783	-0.01968
5	0.6726	0.6902	-0.01757
5.01	0.6865	0.7016	-0.01508
5.02	0.7001	0.7124	-0.01234
5.03	0.7131	0.7226	-0.009524
5.04	0.7252	0.7322	-0.007004
5.05	0.7359	0.7413	-0.005335
5.06	0.7447	0.7496	-0.004902
5.07	0.752	0.7574	-0.005366
5.08	0.7583	0.7645	-0.006216
5.09	0.7638	0.771	-0.007172
5.1	0.7686	0.7768	-0.008183
5.11	0.7727	0.7819	-0.009236
5.12	0.7759	0.7863	-0.01043
5.13	0.7782	0.7901	-0.01187
5.14	0.7798	0.7931	-0.01332
5.15	0.7812	0.7954	-0.01417
5.16	0.7829	0.797	-0.01403
5.17	0.7844	0.7978	-0.01338
5.18	0.785	0.7979	-0.01291
5.19	0.7842	0.7972	-0.01302
5.2	0.7819	0.7958	-0.01387
5.21	0.7781	0.7935	-0.01547
5.22	0.7731	0.7905	-0.01749
5.23	0.7673	0.7868	-0.01952
5.24	0.7608	0.7822	-0.02139
5.25	0.7536	0.7768	-0.02322
5.26	0.7456	0.7707	-0.0251
5.27	0.7367	0.7638	-0.02703
5.28	0.7271	0.756	-0.02898
5.29	0.7166	0.7475	-0.03092
5.3	0.7054	0.7383	-0.03282
5.31	0.6936	0.7282	-0.03459
5.32	0.6814	0.7174	-0.03602
5.33	0.669	0.7059	-0.03685
5.34	0.6564	0.6936	-0.03719
5.35	0.6432	0.6807	-0.0375
5.36	0.6289	0.667	-0.03815
5.37	0.6137	0.6527	-0.03905
5.38	0.5978	0.6378	-0.04001
5.39	0.5814	0.6223	-0.04087
5.4	0.5647	0.6062	-0.04143
5.41	0.5479	0.5895	-0.04162
5.42	0.5308	0.5723	-0.04154
5.43	0.5133	0.5547	-0.0414
5.44	0.4954	0.5367	-0.04123
5.45	0.4773	0.5182	-0.04095
5.46	0.4589	0.4994	-0.04051
5.47	0.4402	0.4803	-0.0401
5.48	0.421	0.4609	-0.03991
5.49	0.4013	0.4413	-0.03998
5.5	0.3814	0.4215	-0.04008
5.51	0.3615	0.4016	-0.04004
5.52	0.3417	0.3816	-0.03986
5.53	0.322	0.3615	-0.03956
5.54	0.3021	0.3415	-0.03935
5.55	0.2818	0.3214	-0.03961
5.56	0.2609	0.3015	-0.04058
5.57	0.2399	0.2817	-0.0418
5.58	0.2193	0.262	-0.04267
5.59	0.1995	0.2425	-0.04303
5.6	0.1802	0.2233	-0.04314
5.61	0.1612	0.2044	-0.04317
5.62	0.143	0.1857	-0.04276
5.63	0.126	0.1674	-0.04144
5.64	0.1101	0.1495	-0.03938
5.65	0.09457	0.1319	-0.03737
5.66	0.07875	0.1148	-0.03606
5.67	0.06272	0.09812	-0.0354
5.68	0.04671	0.08189	-0.03518
5.69	0.03062	0.06614	-0.03552
5.7	0.01407	0.05088	-0.03681
5.71	-0.00313	0.03612	-0.03925
5.72	-0.02033	0.02189	-0.04222
5.73	-0.03669	0.008173	-0.04486
5.74	-0.05199	-0.00501	-0.04698
5.75	-0.06663	-0.01766	-0.04897
5.76	-0.08094	-0.02977	-0.05117
5.77	-0.09481	-0.04135	-0.05346
5.78	-0.108	-0.05239	-0.05565
5.79	-0.1206	-0.0629	-0.05766
5.8	-0.1324	-0.07289	-0.05955
5.81	-0.1437	-0.08235	-0.06135
5.82	-0.1543	-0.09131	-0.06296
5.83	-0.164	-0.09976	-0.06425
5.84	-0.1729	-0.1077	-0.06518
5.85	-0.1811	-0.1152	-0.06588
5.86	-0.1887	-0.1222	-0.06646
5.87	-0.196	-0.1288	-0.06717
5.88	-0.2032	-0.1349	-0.06825
5.89	-0.2101	-0.1406	-0.06951
5.9	-0.2162	-0.1459	-0.0703
5.91	-0.221	-0.1508	-0.07018
5.92	-0.2249	-0.1554	-0.06953
5.93	-0.2285	-0.1595	-0.06892
5.94	-0.2317	-0.1634	-0.06837
5.95	-0.2343	-0.1669	-0.06737
5.96	-0.2357	-0.1701	-0.06559
5.97	-0.2365	-0.1731	-0.06343
5.98	-0.2372	-0.1757	-0.06146
5.99	-0.2381	-0.1782	-0.05989
6	-0.239	-0.1804	-0.05859
6.01	-0.2398	-0.1824	-0.05746
6.02	-0.2409	-0.1842	-0.05666
6.03	-0.2423	-0.1859	-0.05641
6.04	-0.2442	-0.1874	-0.05675
6.05	-0.2464	-0.1888	-0.05761
6.06	-0.249	-0.1901	-0.05889
6.07	-0.2518	-0.1914	-0.06047
6.08	-0.2548	-0.1925	-0.06225
6.09	-0.2577	-0.1937	-0.06403
6.1	-0.2604	-0.1948	-0.06556
6.11	-0.2626	-0.1959	-0.06666
6.12	-0.2644	-0.1971	-0.06735
6.13	-0.266	-0.1983	-0.06773
6.14	-0.2675	-0.1996	-0.06788
6.15	-0.2688	-0.201	-0.06783
6.16	-0.2701	-0.2024	-0.06769
6.17	-0.2718	-0.204	-0.06779
6.18	-0.2743	-0.2058	-0.0685
6.19	-0.2774	-0.2077	-0.06967
6.2	-0.2804	-0.2098	-0.07064
6.21	-0.2831	-0.2121	-0.07102
6.22	-0.286	-0.2146	-0.07148
6.23	-0.2902	-0.2173	-0.0729
6.24	-0.2954	-0.2202	-0.07515
6.25	-0.3004	-0.2234	-0.07703
6.26	-0.3044	-0.2268	-0.07762
6.27	-0.3077	-0.2305	-0.07727
6.28	-0.311	-0.2344	-0.07659
6.29	-0.3144	-0.2386	-0.07583
6.3	-0.3178	-0.2431	-0.07478
6.31	-0.3211	-0.2478	-0.07334
6.32	-0.3246	-0.2527	-0.07184
6.33	-0.3287	-0.2579	-0.07073
6.34	-0.3335	-0.2634	-0.07009
6.35	-0.3387	-0.2691	-0.06962
6.36	-0.3441	-0.275	-0.06913
6.37	-0.3499	-0.2811	-0.0688
6.38	-0.3564	-0.2875	-0.0689
6.39	-0.3632	-0.294	-0.06921
6.4	-0.3696	-0.3006	-0.06901
6.41	-0.3752	-0.3074	-0.06779
6.42	-0.3802	-0.3143	-0.06584
6.43	-0.385	-0.3213	-0.06368
6.44	-0.39	-0.3284	-0.06157
6.45	-0.3951	-0.3355	-0.05952
6.46	-0.4002	-0.3427	-0.05756
6.47	-0.4056	-0.3498	-0.05578
6.48	-0.4112	-0.357	-0.05429
6.49	-0.4171	-0.364	-0.05308
6.5	-0.4231	-0.371	-0.05204
6.51	-0.4289	-0.3779	-0.05103
6.52	-0.4345	-0.3847	-0.0498
6.53	-0.4394	-0.3913	-0.04812
6.54	-0.4438	-0.3977	-0.04614
6.55	-0.4483	-0.4039	-0.0444
6.56	-0.4532	-0.4099	-0.04332
6.57	-0.4585	-0.4156	-0.04284
6.58	-0.4639	-0.4211	-0.04277
6.59	-0.4693	-0.4263	-0.04293
6.6	-0.4744	-0.4312	-0.04314
6.61	-0.4792	-0.4358	-0.04332
6.62	-0.4837	-0.4401	-0.04354
6.63	-0.488	-0.4441	-0.04395
6.64	-0.4923	-0.4477	-0.04462
6.65	-0.4964	-0.4509	-0.04552
6.66	-0.5004	-0.4538	-0.04657
6.67	-0.5038	-0.4563	-0.04747
6.68	-0.5064	-0.4585	-0.0479
6.69	-0.508	-0.4603	-0.04769
6.7	-0.5086	-0.4617	-0.04686
6.71	-0.5083	-0.4628	-0.04553
6.72	-0.5077	-0.4635	-0.04418
6.73	-0.5072	-0.4639	-0.04335
6.74	-0.5068	-0.4639	-0.04297
6.75	-0.5059	-0.4635	-0.04235
6.76	-0.5038	-0.4628	-0.041
6.77	-0.5011	-0.4618	-0.03932
6.78	-0.4984	-0.4604	-0.03793
6.79	-0.4955	-0.4587	-0.03681
6.8	-0.492	-0.4567	-0.03531
6.81	-0.4873	-0.4544	-0.03292
6.82	-0.4816	-0.4518	-0.02976
6.83	-0.475	-0.4489	-0.02612
6.84	-0.4679	-0.4456	-0.02229
6.85	-0.4607	-0.4421	-0.01858
6.86	-0.4536	-0.4383	-0.01528
6.87	-0.4469	-0.4343	-0.01264
6.88	-0.4408	-0.4299	-0.01087
6.89	-0.4351	-0.4252	-0.00987
6.9	-0.4295	-0.4203	-0.009155
6.91	-0.4235	-0.4151	-0.008328
6.92	-0.417	-0.4097	-0.007325
6.93	-0.4101	-0.4039	-0.006163
6.94	-0.4028	-0.3979	-0.004883
6.95	-0.3951	-0.3916	-0.003544
6.96	-0.3872	-0.385	-0.002191
6.97	-0.3789	-0.3781	-0.0008017
6.98	-0.3704	-0.371	0.0006565
6.99	-0.3615	-0.3636	0.002088
7	-0.3526	-0.3559	0.003268
7.01	-0.3439	-0.3479	0.004031
7.02	-0.3352	-0.3397	0.004465
7.03	-0.3264	-0.3312	0.00473
7.04	-0.3173	-0.3224	0.00513
7.05	-0.3072	-0.3133	0.006113
7.06	-0.2961	-0.304	0.007898
7.07	-0.2847	-0.2945	0.009766
7.08	-0.2739	-0.2847	0.01079
7.09	-0.2638	-0.2747	0.01083
7.1	-0.254	-0.2645	0.01048
7.11	-0.2438	-0.254	0.01028
7.12	-0.2332	-0.2434	0.01023
7.13	-0.2225	-0.2327	0.01023
7.14	-0.2115	-0.2218	0.01027
7.15	-0.2003	-0.2108	0.0105
7.16	-0.1887	-0.1997	0.01097
7.17	-0.177	-0.1885	0.01149
7.18	-0.1655	-0.1773	0.01182
7.19	-0.1544	-0.1661	0.01172
7.2	-0.1439	-0.155	0.01104
7.21	-0.1341	-0.1439	0.009734
7.22	-0.1245	-0.1328	0.008351
7.23	-0.1144	-0.1219	0.007548
7.24	-0.1036	-0.1112	0.007616
7.25	-0.09218	-0.1007	0.008473
7.26	-0.08038	-0.09033	0.009949
7.27	-0.0687	-0.08027	0.01157
7.28	-0.0577	-0.0705	0.0128
7.29	-0.04781	-0.06105	0.01325
7.3	-0.03927	-0.05196	0.01269
7.31	-0.0321	-0.04325	0.01115
7.32	-0.02534	-0.03495	0.009611
7.33	-0.01783	-0.02709	0.009262
7.34	-0.009633	-0.01969	0.01005
7.35	-0.002046	-0.01276	0.01072
7.36	0.003934	-0.006339	0.01027
7.37	0.008699	-0.0004281	0.009127
7.38	0.01298	0.004956	0.008021
7.39	0.01726	0.009804	0.007451
7.4	0.02178	0.01411	0.007667
7.41	0.02667	0.01787	0.0088
7.42	0.03163	0.02108	0.01056
7.43	0.03629	0.02374	0.01254
7.44	0.04027	0.02587	0.0144
7.45	0.04326	0.02747	0.01579
7.46	0.04513	0.02854	0.01659
7.47	0.04646	0.02912	0.01734
7.48	0.04796	0.0292	0.01876
7.49	0.04984	0.02882	0.02102
7.5	0.05173	0.02799	0.02373
7.51	0.05319	0.02674	0.02645
7.52	0.05359	0.0251	0.02849
7.53	0.0523	0.02308	0.02922
7.54	0.05037	0.02072	0.02965
7.55	0.05054	0.01805	0.03249
7.56	0.0545	0.0151	0.0394
7.57	0.05962	0.0119	0.04772
7.58	0.06229	0.008476	0.05381
7.59	0.06163	0.004865	0.05677
7.6	0.05953	0.001095	0.05844
7.61	0.05757	-0.002804	0.06037
7.62	0.05561	-0.006803	0.06241
7.63	0.05314	-0.01087	0.06401
7.64	0.05001	-0.01499	0.065
7.65	0.04648	-0.01912	0.0656
7.66	0.0428	-0.02326	0.06606
7.67	0.03923	-0.02736	0.0666
7.68	0.03602	-0.03142	0.06744
7.69	0.03295	-0.03542	0.06838
7.7	0.02942	-0.03934	0.06876
7.71	0.02498	-0.04317	0.06815
7.72	0.02014	-0.04689	0.06703
7.73	0.01562	-0.05049	0.06611
7.74	0.01177	-0.05398	0.06575
7.75	0.008593	-0.05734	0.06593
7.76	0.006018	-0.06056	0.06658
7.77	0.003694	-0.06366	0.06735
7.78	0.001212	-0.06662	0.06783
7.79	-0.001639	-0.06944	0.06781
7.8	-0.004875	-0.07214	0.06727
7.81	-0.008523	-0.07472	0.06619
7.82	-0.0127	-0.07717	0.06447
7.83	-0.01752	-0.07951	0.06199
7.84	-0.02276	-0.08174	0.05898
7.85	-0.02785	-0.08387	0.05601
7.86	-0.03231	-0.0859	0.05359
7.87	-0.03607	-0.08785	0.05178
7.88	-0.03916	-0.08972	0.05056
7.89	-0.0417	-0.09151	0.04982
7.9	-0.04386	-0.09324	0.04938
7.91	-0.0459	-0.09491	0.04901
7.92	-0.04826	-0.09652	0.04826
7.93	-0.05143	-0.09808	0.04664
7.94	-0.05518	-0.09959	0.04441
7.95	-0.05853	-0.1011	0.04252
7.96	-0.0608	-0.1025	0.04168
7.97	-0.06236	-0.1039	0.0415
7.98	-0.06385	-0.1052	0.04133
7.99	-0.06562	-0.1065	0.04085
8	-0.06768	-0.1077	0.04001
8.01	-0.06996	-0.1089	0.03891
8.02	-0.07203	-0.11	0.03796
8.03	-0.07336	-0.111	0.03768
8.04	-0.07333	-0.112	0.03867
8.05	-0.07123	-0.1129	0.04167
8.06	-0.0669	-0.1137	0.0468
8.07	-0.0625	-0.1144	0.05188
8.08	-0.0607	-0.115	0.05427
8.09	-0.06185	-0.1154	0.05358
8.1	-0.06407	-0.1158	0.05169
8.11	-0.06552	-0.116	0.05043
8.12	-0.065	-0.116	0.05099
8.13	-0.06153	-0.1159	0.05434
8.14	-0.05593	-0.1156	0.05965
8.15	-0.05079	-0.1151	0.06431
8.16	-0.04799	-0.1144	0.06645
8.17	-0.04623	-0.1136	0.06735
8.18	-0.04348	-0.1125	0.06905
8.19	-0.03909	-0.1113	0.07217
8.2	-0.03383	-0.1098	0.07596
8.21	-0.02835	-0.1081	0.07975
8.22	-0.0227	-0.1062	0.08351
8.23	-0.01678	-0.1041	0.08732
8.24	-0.01059	-0.1018	0.09117
8.25	-0.004287	-0.09923	0.09494
8.26	0.002039	-0.09649	0.09853
8.27	0.008424	-0.09354	0.102
8.28	0.01493	-0.0904	0.1053
8.29	0.02128	-0.08707	0.1083
8.3	0.02688	-0.08356	0.1104
8.31	0.03124	-0.07988	0.1111
8.32	0.03445	-0.07605	0.1105
8.33	0.03671	-0.07207	0.1088
8.34	0.03821	-0.06796	0.1062
8.35	0.03912	-0.06373	0.1028
8.36	0.03975	-0.0594	0.09915
8.37	0.04097	-0.05498	0.09595
8.38	0.04376	-0.05048	0.09425
8.39	0.04832	-0.04594	0.09425
8.4	0.05404	-0.04135	0.09539
8.41	0.06029	-0.03674	0.09702
8.42	0.06632	-0.03212	0.09844
8.43	0.0714	-0.02752	0.09892
8.44	0.07532	-0.02294	0.09826
8.45	0.07841	-0.0184	0.09681
8.46	0.08097	-0.01393	0.09489
8.47	0.08315	-0.009523	0.09267
8.48	0.08507	-0.005211	0.09028
8.49	0.08694	-0.001003	0.08794
8.5	0.08908	0.003087	0.08599
8.51	0.09166	0.007046	0.08462
8.52	0.0944	0.01086	0.08353
8.53	0.09687	0.01452	0.08235
8.54	0.09903	0.01801	0.08102
8.55	0.1012	0.02133	0.07988
8.56	0.1036	0.02445	0.07918
8.57	0.1062	0.02738	0.07886
8.58	0.1089	0.03011	0.0788
8.59	0.1118	0.03263	0.07916
8.6	0.1154	0.03493	0.08045
8.61	0.12	0.037	0.08295
8.62	0.1249	0.03885	0.0861
8.63	0.1296	0.04047	0.08913
8.64	0.1333	0.04185	0.09146
8.65	0.1357	0.043	0.09272
8.66	0.1366	0.0439	0.09268
8.67	0.1363	0.04457	0.09172
8.68	0.1354	0.04499	0.09038
8.69	0.1342	0.04517	0.08898
8.7	0.1328	0.04512	0.08764
8.71	0.1312	0.04483	0.08641
8.72	0.1295	0.0443	0.08518
8.73	0.1273	0.04354	0.08379
8.74	0.125	0.04255	0.08246
8.75	0.1231	0.04135	0.08175
8.76	0.1219	0.03992	0.08199
8.77	0.1209	0.03829	0.08265
8.78	0.1194	0.03645	0.08296
8.79	0.117	0.03441	0.08254
8.8	0.1136	0.03219	0.08137
8.81	0.1094	0.02978	0.0796
8.82	0.1052	0.02721	0.07801
8.83	0.102	0.02447	0.07751
8.84	0.09988	0.02159	0.0783
8.85	0.09845	0.01857	0.07989
8.86	0.09727	0.01542	0.08185
8.87	0.0963	0.01216	0.08414
8.88	0.09557	0.008799	0.08677
8.89	0.09502	0.005351	0.08966
8.9	0.09444	0.001831	0.09261
8.91	0.09363	-0.001749	0.09538
8.92	0.09225	-0.005372	0.09762
8.93	0.08998	-0.009026	0.09901
8.94	0.08665	-0.01269	0.09934
8.95	0.08227	-0.01636	0.09863
8.96	0.07705	-0.02002	0.09706
8.97	0.07187	-0.02364	0.09551
8.98	0.06776	-0.02722	0.09498
8.99	0.06488	-0.03074	0.09562
9	0.0625	-0.03419	0.09669
9.01	0.05971	-0.03755	0.09726
9.02	0.055	-0.04082	0.09582
9.03	0.04688	-0.04397	0.09085
9.04	0.03711	-0.04701	0.08411
9.05	0.03069	-0.0499	0.0806
9.06	0.0311	-0.05266	0.08376
9.07	0.03506	-0.05526	0.09033
9.08	0.03774	-0.05771	0.09545
9.09	0.03739	-0.05998	0.09737
9.1	0.03532	-0.06208	0.09741
9.11	0.03277	-0.06401	0.09678
9.12	0.03004	-0.06575	0.09579
9.13	0.0272	-0.06731	0.09451
9.14	0.02419	-0.06868	0.09287
9.15	0.02081	-0.06986	0.09068
9.16	0.01701	-0.07086	0.08787
9.17	0.0134	-0.07167	0.08507
9.18	0.01072	-0.0723	0.08302
9.19	0.009143	-0.07275	0.0819
9.2	0.008248	-0.07303	0.08127
9.21	0.007638	-0.07313	0.08077
9.22	0.007095	-0.07307	0.08017
9.23	0.006451	-0.07285	0.0793
9.24	0.005705	-0.07248	0.07819
9.25	0.005031	-0.07197	0.077
9.26	0.004525	-0.07131	0.07584
9.27	0.003965	-0.07053	0.07449
9.28	0.003064	-0.06962	0.07269
9.29	0.00197	-0.0686	0.07057
9.3	0.001263	-0.06747	0.06873
9.31	0.001381	-0.06624	0.06762
9.32	0.002105	-0.06491	0.06702
9.33	0.003052	-0.0635	0.06655
9.34	0.003773	-0.062	0.06578
9.35	0.003757	-0.06043	0.06419
9.36	0.002733	-0.05879	0.06152
9.37	0.001392	-0.05707	0.05847
9.38	0.0006509	-0.0553	0.05595
9.39	0.00102	-0.05346	0.05448
9.4	0.002603	-0.05156	0.05416
9.41	0.005312	-0.0496	0.05491
9.42	0.008364	-0.04759	0.05595
9.43	0.01083	-0.04552	0.05635
9.44	0.01246	-0.04339	0.05584
9.45	0.01367	-0.0412	0.05487
9.46	0.01495	-0.03895	0.0539
9.47	0.01695	-0.03664	0.05359
9.48	0.0203	-0.03427	0.05457
9.49	0.02489	-0.03183	0.05672
9.5	0.02984	-0.02933	0.05917
9.51	0.03442	-0.02675	0.06117
9.52	0.03869	-0.0241	0.06279
9.53	0.04288	-0.02138	0.06426
9.54	0.04688	-0.01858	0.06546
9.55	0.05018	-0.0157	0.06588
9.56	0.05251	-0.01275	0.06527
9.57	0.05461	-0.009721	0.06433
9.58	0.05739	-0.006616	0.064
9.59	0.06099	-0.003436	0.06442
9.6	0.06475	-0.0001839	0.06493
9.61	0.06813	0.003136	0.065
9.62	0.07125	0.00652	0.06473
9.63	0.07437	0.009962	0.06441
9.64	0.07792	0.01346	0.06447
9.65	0.08246	0.01699	0.06547
9.66	0.08811	0.02057	0.06755
9.67	0.09312	0.02416	0.06895
9.68	0.09534	0.02778	0.06756
9.69	0.09479	0.0314	0.06339
9.7	0.09357	0.035	0.05857
9.71	0.09368	0.03859	0.05509
9.72	0.09617	0.04214	0.05403
9.73	0.1018	0.04565	0.05615
9.74	0.1096	0.04908	0.06052
9.75	0.117	0.05244	0.06453
9.76	0.1219	0.05571	0.06618
9.77	0.1251	0.05887	0.06623
9.78	0.128	0.0619	0.06612
9.79	0.1315	0.06479	0.06667
9.8	0.1357	0.06753	0.06812
9.81	0.1406	0.07011	0.07052
9.82	0.1459	0.07251	0.07342
9.83	0.1509	0.07471	0.07622
9.84	0.1552	0.07672	0.0785
9.85	0.1585	0.07851	0.07996
9.86	0.1606	0.08008	0.08055
9.87	0.1625	0.08143	0.08105
9.88	0.1649	0.08254	0.0824
9.89	0.1678	0.08342	0.08437
9.9	0.1697	0.08405	0.08561
9.91	0.1696	0.08444	0.08515
9.92	0.1685	0.0846	0.08391
9.93	0.1678	0.08451	0.08326
9.94	0.1677	0.08419	0.08356
9.95	0.1678	0.08363	0.0842
9.96	0.1676	0.08285	0.08477
9.97	0.1676	0.08186	0.08576
9.98	0.1685	0.08066	0.08788
9.99	0.1703	0.07926	0.09101
10	0.1719	0.07768	0.09426
10.01	0.1727	0.07592	0.09678
10.02	0.1723	0.07401	0.09833
10.03	0.1707	0.07195	0.09879
10.04	0.1684	0.06977	0.09863
10.05	0.1664	0.06747	0.09893
10.06	0.1655	0.06507	0.1005
10.07	0.1653	0.06259	0.1027
10.08	0.165	0.06005	0.1049
10.09	0.1642	0.05745	0.1067
10.1	0.1629	0.05483	0.1081
10.11	0.1612	0.05218	0.109
10.12	0.1591	0.04953	0.1096
10.13	0.1565	0.04688	0.1096
10.14	0.1534	0.04426	0.1091
10.15	0.1495	0.04168	0.1078
10.16	0.145	0.03914	0.1059
10.17	0.1405	0.03665	0.1039
10.18	0.1368	0.03424	0.1025
10.19	0.1341	0.03189	0.1022
10.2	0.1321	0.02963	0.1025
10.21	0.1306	0.02745	0.1032
10.22	0.1288	0.02536	0.1035
10.23	0.1262	0.02337	0.1028
10.24	0.1227	0.02148	0.1012
10.25	0.119	0.01968	0.09933
10.26	0.1159	0.01798	0.09793
10.27	0.1138	0.01638	0.0974
10.28	0.1129	0.01488	0.09804
10.29	0.1127	0.01347	0.09921
10.3	0.1115	0.01215	0.09932
10.31	0.1081	0.01093	0.09722
10.32	0.1034	0.009784	0.09361
10.33	0.09835	0.008722	0.08963
10.34	0.09385	0.007738	0.08611
10.35	0.09039	0.006826	0.08356
10.36	0.08819	0.005983	0.08221
10.37	0.08639	0.005203	0.08119
10.38	0.08387	0.004485	0.07939
10.39	0.08035	0.003823	0.07652
10.4	0.07633	0.003214	0.07311
10.41	0.07233	0.002657	0.06968
10.42	0.06869	0.002147	0.06654
10.43	0.06566	0.001684	0.06398
10.44	0.06313	0.001267	0.06186
10.45	0.06058	0.0008937	0.05968
10.46	0.05765	0.0005656	0.05708
10.47	0.05472	0.0002828	0.05444
10.48	0.05234	4.654e-05	0.05229
10.49	0.05115	-0.0001414	0.05129
10.5	0.05189	-0.0002788	0.05216
10.51	0.0548	-0.0003628	0.05517
10.52	0.05821	-0.0003904	0.0586
10.53	0.06	-0.0003581	0.06036
10.54	0.05982	-0.000262	0.06008
10.55	0.05904	-9.833e-05	0.05914
10.56	0.05881	0.000137	0.05867
10.57	0.05906	0.000448	0.05861
10.58	0.0594	0.0008386	0.05856
10.59	0.05956	0.001313	0.05824
10.6	0.05937	0.001873	0.0575
10.61	0.05882	0.002523	0.0563
10.62	0.05848	0.003266	0.05521
10.63	0.05901	0.004103	0.05491
10.64	0.06052	0.005036	0.05549
10.65	0.06253	0.006065	0.05647
10.66	0.06435	0.007191	0.05716
10.67	0.06459	0.008412	0.05618
10.68	0.06175	0.009727	0.05202
10.69	0.05632	0.01113	0.04518
10.7	0.05075	0.01263	0.03812
10.71	0.04723	0.0142	0.03303
10.72	0.04644	0.01586	0.03058
10.73	0.04865	0.01758	0.03107
10.74	0.05281	0.01937	0.03344
10.75	0.05658	0.02122	0.03536
10.76	0.05828	0.02311	0.03517
10.77	0.05922	0.02505	0.03417
10.78	0.06133	0.02701	0.03432
10.79	0.06486	0.02899	0.03587
10.8	0.06831	0.03097	0.03734
10.81	0.07044	0.03295	0.03749
10.82	0.07133	0.03491	0.03641
10.83	0.07139	0.03685	0.03454
10.84	0.07107	0.03874	0.03233
10.85	0.07086	0.04058	0.03028
10.86	0.0712	0.04235	0.02884
10.87	0.07225	0.04405	0.0282
10.88	0.07413	0.04566	0.02847
10.89	0.07651	0.04716	0.02934
10.9	0.07863	0.04856	0.03007
10.91	0.07992	0.04983	0.03009
10.92	0.08061	0.05097	0.02964
10.93	0.0811	0.05197	0.02912
10.94	0.08156	0.05283	0.02874
10.95	0.08196	0.05352	0.02844
10.96	0.08218	0.05405	0.02813
10.97	0.08192	0.05441	0.0275
10.98	0.08083	0.0546	0.02623
10.99	0.07897	0.05461	0.02436
11	0.07674	0.05443	0.02231
11.01	0.07455	0.05407	0.02048
11.02	0.07264	0.05352	0.01912
11.03	0.07119	0.05278	0.01841
11.04	0.07035	0.05185	0.0185
11.05	0.07024	0.05073	0.01951
11.06	0.07077	0.04942	0.02136
11.07	0.07115	0.04792	0.02323
11.08	0.0704	0.04623	0.02417
11.09	0.06801	0.04436	0.02365
11.1	0.06393	0.04231	0.02162
11.11	0.05835	0.04008	0.01827
11.12	0.05244	0.03767	0.01477
11.13	0.04755	0.03509	0.01246
11.14	0.0438	0.03234	0.01146
11.15	0.04011	0.02942	0.0107
11.16	0.0356	0.02634	0.009267
11.17	0.03038	0.02309	0.007281
11.18	0.02479	0.0197	0.005091
11.19	0.01905	0.01614	0.002903
11.2	0.01322	0.01244	0.000781
11.21	0.007341	0.008595	-0.001255
11.22	0.001277	0.004603	-0.003326
11.23	-0.005111	0.0004709	-0.005582
11.24	-0.01173	-0.0038	-0.007933
11.25	-0.01826	-0.008206	-0.01005
11.26	-0.0244	-0.01274	-0.01165
11.27	-0.03009	-0.01741	-0.01268
11.28	-0.03533	-0.02221	-0.01312
11.29	-0.04024	-0.02713	-0.01311
11.3	-0.04505	-0.03217	-0.01287
11.31	-0.05001	-0.03734	-0.01268
11.32	-0.05545	-0.04261	-0.01283
11.33	-0.06166	-0.048	-0.01366
11.34	-0.06841	-0.0535	-0.01491
11.35	-0.07488	-0.05911	-0.01578
11.36	-0.0804	-0.06481	-0.01558
11.37	-0.08479	-0.07061	-0.01418
11.38	-0.08808	-0.0765	-0.01158
11.39	-0.09092	-0.08248	-0.00844
11.4	-0.0946	-0.08853	-0.006068
11.41	-0.1001	-0.09466	-0.005404
11.42	-0.1067	-0.1008	-0.00585
11.43	-0.1135	-0.1071	-0.006444
11.44	-0.1202	-0.1134	-0.006859
11.45	-0.1271	-0.1197	-0.007399
11.46	-0.1343	-0.1261	-0.008258
11.47	-0.1415	-0.1324	-0.00909
11.48	-0.1482	-0.1388	-0.009418
11.49	-0.1541	-0.1452	-0.008964
11.5	-0.1591	-0.1515	-0.007644
11.51	-0.1633	-0.1578	-0.005529
11.52	-0.1673	-0.1641	-0.003262
11.53	-0.1719	-0.1703	-0.001611
11.54	-0.1772	-0.1764	-0.0008487
11.55	-0.1832	-0.1824	-0.0007532
11.56	-0.1893	-0.1884	-0.0009784
11.57	-0.1949	-0.1942	-0.0007626
11.58	-0.1992	-0.1999	0.000714
11.59	-0.2022	-0.2054	0.003222
11.6	-0.2053	-0.2108	0.005481
11.61	-0.2095	-0.216	0.006521
11.62	-0.2143	-0.2211	0.006789
11.63	-0.2188	-0.2259	0.007057
11.64	-0.2231	-0.2305	0.007482
11.65	-0.2273	-0.235	0.007603
11.66	-0.2321	-0.2391	0.007014
11.67	-0.2375	-0.2431	0.005647
11.68	-0.2433	-0.2468	0.003529
11.69	-0.2492	-0.2503	0.001059
11.7	-0.2545	-0.2535	-0.0009945
11.71	-0.2585	-0.2565	-0.002053
11.72	-0.2615	-0.2591	-0.002365
11.73	-0.264	-0.2616	-0.002373
11.74	-0.266	-0.2637	-0.002257
11.75	-0.2676	-0.2657	-0.001932
11.76	-0.2686	-0.2673	-0.001345
11.77	-0.2693	-0.2687	-0.0006253
11.78	-0.2698	-0.2698	5.342e-05
11.79	-0.2702	-0.2707	0.0005096
11.8	-0.2708	-0.2714	0.0005536
11.81	-0.2717	-0.2718	0.0001081
11.82	-0.2724	-0.272	-0.0004563
11.83	-0.2726	-0.2719	-0.0006773
11.84	-0.2723	-0.2717	-0.0005722
11.85	-0.2719	-0.2713	-0.0006382
11.86	-0.272	-0.2707	-0.001291
11.87	-0.2725	-0.27	-0.002538
11.88	-0.2733	-0.269	-0.004272
11.89	-0.2741	-0.268	-0.006108
11.9	-0.2742	-0.2668	-0.007379
11.91	-0.2733	-0.2655	-0.007732
11.92	-0.2722	-0.2641	-0.008102
11.93	-0.2724	-0.2627	-0.009698
11.94	-0.2737	-0.2611	-0.01255
11.95	-0.2751	-0.2596	-0.01549
11.96	-0.2757	-0.258	-0.01771
11.97	-0.2761	-0.2563	-0.01982
11.98	-0.2774	-0.2547	-0.02278
11.99	-0.2795	-0.253	-0.02649
12	-0.2812	-0.2514	-0.02976
12.01	-0.2814	-0.2498	-0.03165
12.02	-0.2806	-0.2482	-0.03237
12.03	-0.2791	-0.2467	-0.03241
12.04	-0.2774	-0.2453	-0.03208
12.05	-0.2754	-0.2439	-0.03152
12.06	-0.2736	-0.2426	-0.03096
12.07	-0.2723	-0.2414	-0.03094
12.08	-0.2723	-0.2403	-0.03206
12.09	-0.2736	-0.2393	-0.03434
12.1	-0.2756	-0.2383	-0.03721
12.11	-0.2775	-0.2375	-0.04
12.12	-0.2787	-0.2368	-0.04184
12.13	-0.2781	-0.2362	-0.04187
12.14	-0.2766	-0.2358	-0.0408
12.15	-0.2764	-0.2354	-0.04099
12.16	-0.2791	-0.2351	-0.04403
12.17	-0.2834	-0.235	-0.0484
12.18	-0.2867	-0.2349	-0.05184
12.19	-0.2883	-0.235	-0.05338
12.2	-0.2884	-0.2351	-0.05329
12.21	-0.2875	-0.2353	-0.05212
12.22	-0.287	-0.2356	-0.05131
12.23	-0.2885	-0.236	-0.05243
12.24	-0.2917	-0.2365	-0.05524
12.25	-0.2947	-0.237	-0.05771
12.26	-0.2958	-0.2376	-0.05822
12.27	-0.2954	-0.2382	-0.05716
12.28	-0.2943	-0.2389	-0.05536
12.29	-0.2928	-0.2396	-0.05321
12.3	-0.2909	-0.2403	-0.05061
12.31	-0.2885	-0.241	-0.0475
12.32	-0.2857	-0.2416	-0.04408
12.33	-0.2829	-0.2423	-0.04062
12.34	-0.2805	-0.2429	-0.03758
12.35	-0.2791	-0.2435	-0.03559
12.36	-0.2789	-0.244	-0.03488
12.37	-0.2786	-0.2445	-0.03406
12.38	-0.2763	-0.2449	-0.03142
12.39	-0.2725	-0.2452	-0.02735
12.4	-0.2697	-0.2454	-0.02432
12.41	-0.2695	-0.2454	-0.02408
12.42	-0.2705	-0.2454	-0.02514
12.43	-0.2704	-0.2452	-0.02526
12.44	-0.269	-0.2448	-0.02411
12.45	-0.2676	-0.2444	-0.02325
12.46	-0.2674	-0.2437	-0.02374
12.47	-0.2673	-0.2429	-0.02439
12.48	-0.2654	-0.2419	-0.02351
12.49	-0.2613	-0.2406	-0.02061
12.5	-0.2557	-0.2392	-0.01642
12.51	-0.2495	-0.2376	-0.01186
12.52	-0.2441	-0.2358	-0.008269
12.53	-0.2409	-0.2338	-0.007084
12.54	-0.2402	-0.2316	-0.008567
12.55	-0.241	-0.2291	-0.01183
12.56	-0.2423	-0.2265	-0.01588
12.57	-0.2431	-0.2236	-0.01954
12.58	-0.2421	-0.2204	-0.02162
12.59	-0.2387	-0.2171	-0.02158
12.6	-0.2331	-0.2136	-0.01953
12.61	-0.2256	-0.2098	-0.01582
12.62	-0.2173	-0.2058	-0.01152
12.63	-0.2096	-0.2016	-0.007925
12.64	-0.2031	-0.1972	-0.005807
12.65	-0.1981	-0.1927	-0.005473
12.66	-0.1948	-0.1879	-0.006887
12.67	-0.1917	-0.183	-0.008728
12.68	-0.1873	-0.1778	-0.009426
12.69	-0.1817	-0.1726	-0.009138
12.7	-0.1769	-0.1672	-0.009741
12.71	-0.1741	-0.1616	-0.01253
12.72	-0.1721	-0.1559	-0.01615
12.73	-0.1688	-0.1501	-0.01866
12.74	-0.1638	-0.1442	-0.01957
12.75	-0.1581	-0.1382	-0.01982
12.76	-0.1524	-0.1322	-0.02018
12.77	-0.1464	-0.1261	-0.02036
12.78	-0.1397	-0.1199	-0.01982
12.79	-0.1323	-0.1137	-0.01857
12.8	-0.1246	-0.1075	-0.01711
12.81	-0.1171	-0.1013	-0.01584
12.82	-0.1098	-0.09508	-0.0147
12.83	-0.1024	-0.0889	-0.01353
12.84	-0.09539	-0.08275	-0.01264
12.85	-0.08947	-0.07666	-0.0128
12.86	-0.08508	-0.07064	-0.01445
12.87	-0.08117	-0.06468	-0.01648
12.88	-0.07633	-0.05882	-0.01751
12.89	-0.07046	-0.05305	-0.01741
12.9	-0.06477	-0.0474	-0.01738
12.91	-0.06011	-0.04186	-0.01826
12.92	-0.05575	-0.03645	-0.0193
12.93	-0.05057	-0.03117	-0.0194
12.94	-0.04436	-0.02604	-0.01832
12.95	-0.03777	-0.02106	-0.01671
12.96	-0.03137	-0.01623	-0.01514
12.97	-0.02537	-0.01156	-0.01381
12.98	-0.01985	-0.007057	-0.0128
12.99	-0.01498	-0.002719	-0.01227
13	-0.01096	0.00145	-0.01241
13.01	-0.007945	0.00545	-0.0134
13.02	-0.006003	0.00928	-0.01528
13.03	-0.005127	0.01294	-0.01807
13.04	-0.004651	0.01643	-0.02109
13.05	-0.003248	0.01976	-0.02301
13.06	3.535e-05	0.02293	-0.02289
13.07	0.004545	0.02593	-0.02139
13.08	0.00923	0.02879	-0.01956
13.09	0.01315	0.03149	-0.01834
13.1	0.01548	0.03405	-0.01857
13.11	0.01572	0.03647	-0.02076
13.12	0.01464	0.03877	-0.02413
13.13	0.01334	0.04094	-0.0276
13.14	0.01271	0.04299	-0.03027
13.15	0.01349	0.04493	-0.03144
13.16	0.01606	0.04677	-0.03072
13.17	0.01946	0.04852	-0.02906
13.18	0.02247	0.05018	-0.02771
13.19	0.02411	0.05177	-0.02766
13.2	0.0237	0.05329	-0.02959
13.21	0.02125	0.05474	-0.03349
13.22	0.01945	0.05614	-0.03668
13.23	0.02155	0.05749	-0.03594
13.24	0.02715	0.0588	-0.03165
13.25	0.0323	0.06008	-0.02778
13.26	0.03399	0.06132	-0.02734
13.27	0.03374	0.06255	-0.02881
13.28	0.03415	0.06376	-0.02961
13.29	0.03618	0.06495	-0.02877
13.3	0.03922	0.06614	-0.02692
13.31	0.04267	0.06732	-0.02465
13.32	0.04624	0.06849	-0.02225
13.33	0.04976	0.06967	-0.01991
13.34	0.05289	0.07084	-0.01795
13.35	0.05515	0.07202	-0.01687
13.36	0.05636	0.0732	-0.01684
13.37	0.05758	0.07437	-0.01679
13.38	0.06012	0.07555	-0.01543
13.39	0.06381	0.07672	-0.01291
13.4	0.06703	0.07789	-0.01086
13.41	0.06865	0.07905	-0.0104
13.42	0.06978	0.0802	-0.01042
13.43	0.07202	0.08133	-0.009309
13.44	0.07497	0.08245	-0.007482
13.45	0.07618	0.08354	-0.007367
13.46	0.07381	0.08461	-0.0108
13.47	0.06873	0.08564	-0.01691
13.48	0.06248	0.08663	-0.02415
13.49	0.05677	0.08758	-0.03081
13.5	0.05342	0.08849	-0.03507
13.51	0.05361	0.08934	-0.03573
13.52	0.05589	0.09013	-0.03424
13.53	0.05818	0.09086	-0.03268
13.54	0.05958	0.09152	-0.03194
13.55	0.0603	0.09211	-0.03181
13.56	0.06053	0.09263	-0.03209
13.57	0.06012	0.09306	-0.03294
13.58	0.05885	0.09342	-0.03458
13.59	0.05726	0.0937	-0.03644
13.6	0.05671	0.09389	-0.03718
13.61	0.05819	0.09399	-0.0358
13.62	0.06122	0.09401	-0.03279
13.63	0.06493	0.09394	-0.02901
13.64	0.06875	0.09379	-0.02504
13.65	0.07238	0.09356	-0.02117
13.66	0.0755	0.09324	-0.01775
13.67	0.0776	0.09286	-0.01525
13.68	0.0782	0.09239	-0.0142
13.69	0.07762	0.09186	-0.01425
13.7	0.07705	0.09127	-0.01422
13.71	0.07741	0.09062	-0.01321
13.72	0.07849	0.08992	-0.01142
13.73	0.0798	0.08917	-0.00937
13.74	0.08089	0.08839	-0.007493
13.75	0.0814	0.08757	-0.006169
13.76	0.08113	0.08674	-0.00561
13.77	0.08052	0.08588	-0.005365
13.78	0.08017	0.08502	-0.004851
13.79	0.08	0.08417	-0.004162
13.8	0.07924	0.08331	-0.004071
13.81	0.07744	0.08248	-0.005043
13.82	0.07546	0.08167	-0.006208
13.83	0.07452	0.08088	-0.006366
13.84	0.07558	0.08014	-0.004554
13.85	0.07939	0.07943	-3.986e-05
13.86	0.08589	0.07877	0.007126
13.87	0.09195	0.07816	0.0138
13.88	0.09383	0.0776	0.01623
13.89	0.0919	0.0771	0.0148
13.9	0.09067	0.07666	0.01401
13.91	0.09318	0.07628	0.0169
13.92	0.09595	0.07595	0.02
13.93	0.09411	0.07569	0.01843
13.94	0.08755	0.07548	0.01207
13.95	0.08093	0.07532	0.005608
13.96	0.07813	0.07522	0.00291
13.97	0.079	0.07516	0.00384
13.98	0.08236	0.07513	0.007232
13.99	0.08646	0.07514	0.01132
14	0.08893	0.07517	0.01376
14.01	0.08828	0.07522	0.01306
14.02	0.08668	0.07528	0.0114
14.03	0.08707	0.07533	0.01174
14.04	0.08989	0.07537	0.01452
14.05	0.093	0.07539	0.0176
14.06	0.09458	0.07538	0.0192
14.07	0.0945	0.07533	0.01917
14.08	0.09305	0.07523	0.01782
14.09	0.09119	0.07506	0.01613
14.1	0.09053	0.07482	0.01571
14.11	0.09209	0.0745	0.01759
14.12	0.09444	0.07408	0.02036
14.13	0.09557	0.07357	0.022
14.14	0.09473	0.07295	0.02179
14.15	0.09241	0.07221	0.0202
14.16	0.08919	0.07135	0.01784
14.17	0.08597	0.07037	0.0156
14.18	0.08366	0.06925	0.0144
14.19	0.08233	0.06801	0.01433
14.2	0.08125	0.06663	0.01463
14.21	0.07957	0.06511	0.01446
14.22	0.0762	0.06346	0.01274
14.23	0.0701	0.06168	0.008427
14.24	0.06239	0.05976	0.002629
14.25	0.05633	0.05772	-0.001391
14.26	0.05438	0.05556	-0.001182
14.27	0.05536	0.05328	0.002079
14.28	0.05723	0.0509	0.006332
14.29	0.05847	0.04842	0.01005
14.3	0.0581	0.04585	0.01226
14.31	0.05555	0.0432	0.01235
14.32	0.05176	0.04048	0.01128
14.33	0.04801	0.0377	0.01031
14.34	0.04476	0.03487	0.009885
14.35	0.04161	0.03201	0.009597
14.36	0.03832	0.02912	0.009195
14.37	0.03541	0.02622	0.009183
14.38	0.03354	0.02332	0.01021
14.39	0.03253	0.02043	0.0121
14.4	0.03137	0.01756	0.01381
14.41	0.02914	0.01472	0.01442
14.42	0.02559	0.01192	0.01367
14.43	0.02066	0.009162	0.0115
14.44	0.01524	0.006462	0.008781
14.45	0.01121	0.003825	0.007386
14.46	0.009781	0.001254	0.008528
14.47	0.009438	-0.001246	0.01068
14.48	0.00805	-0.003672	0.01172
14.49	0.005096	-0.006022	0.01112
14.5	0.001667	-0.008296	0.009963
14.51	-0.001389	-0.01049	0.009105
14.52	-0.004469	-0.01262	0.00815
14.53	-0.008251	-0.01467	0.006422
14.54	-0.01271	-0.01666	0.003951
14.55	-0.01712	-0.01859	0.001471
14.56	-0.02106	-0.02046	-0.000598
14.57	-0.02551	-0.02229	-0.003223
14.58	-0.03174	-0.02408	-0.00766
14.59	-0.0397	-0.02583	-0.01386
14.6	-0.04806	-0.02757	-0.02049
14.61	-0.05555	-0.0293	-0.02626
14.62	-0.06144	-0.03103	-0.03041
14.63	-0.06511	-0.03276	-0.03235
14.64	-0.06638	-0.03452	-0.03187
14.65	-0.06547	-0.0363	-0.02917
14.66	-0.06278	-0.03812	-0.02466
14.67	-0.05938	-0.03999	-0.01938
14.68	-0.05647	-0.04192	-0.01455
14.69	-0.05489	-0.04391	-0.01098
14.7	-0.05511	-0.04597	-0.009139
14.71	-0.05736	-0.04811	-0.009251
14.72	-0.06105	-0.05033	-0.01072
14.73	-0.0654	-0.05263	-0.01278
14.74	-0.07023	-0.05502	-0.01522
14.75	-0.07593	-0.05749	-0.01844
14.76	-0.08258	-0.06005	-0.02253
14.77	-0.08898	-0.0627	-0.02628
14.78	-0.09361	-0.06543	-0.02818
14.79	-0.09591	-0.06823	-0.02768
14.8	-0.09623	-0.0711	-0.02513
14.81	-0.09518	-0.07404	-0.02115
14.82	-0.09435	-0.07702	-0.01733
14.83	-0.09547	-0.08006	-0.01541
14.84	-0.09838	-0.08312	-0.01526
14.85	-0.101	-0.0862	-0.01483
14.86	-0.1019	-0.0893	-0.01259
14.87	-0.1018	-0.09238	-0.009413
14.88	-0.1021	-0.09545	-0.006687
14.89	-0.1033	-0.09849	-0.004827
14.9	-0.1047	-0.1015	-0.003251
14.91	-0.1059	-0.1044	-0.001542
14.92	-0.1074	-0.1072	-0.0001029
14.93	-0.1095	-0.11	0.0004927
14.94	-0.1122	-0.1127	0.0004689
14.95	-0.1143	-0.1152	0.0008485
14.96	-0.1152	-0.1176	0.002351
14.97	-0.1155	-0.1199	0.004338
14.98	-0.1161	-0.122	0.005857
14.99	-0.1175	-0.1239	0.006454
15	-0.1195	-0.1257	0.006178
15.01	-0.122	-0.1273	0.00533
15.02	-0.1236	-0.1288	0.005134
15.03	-0.123	-0.13	0.006975
15.04	-0.1205	-0.1311	0.01057
15.05	-0.118	-0.1319	0.01398
15.06	-0.1169	-0.1326	0.01567
15.07	-0.1171	-0.1331	0.01605
15.08	-0.1174	-0.1334	0.01602
15.09	-0.1173	-0.1336	0.01631
15.1	-0.1161	-0.1335	0.01747
15.11	-0.1135	-0.1334	0.01985
15.12	-0.1102	-0.133	0.02284
15.13	-0.1069	-0.1325	0.02564
15.14	-0.1045	-0.1319	0.02738
15.15	-0.1039	-0.1311	0.02722
15.16	-0.1054	-0.1302	0.02481
15.17	-0.1073	-0.1293	0.02197
15.18	-0.1072	-0.1282	0.02095
15.19	-0.1052	-0.127	0.02181
15.2	-0.1033	-0.1258	0.02244
15.21	-0.1031	-0.1245	0.0214
15.22	-0.1028	-0.1232	0.02032
15.23	-0.1002	-0.1218	0.02155
15.24	-0.09484	-0.1204	0.02552
15.25	-0.0882	-0.1189	0.03072
15.26	-0.08172	-0.1175	0.03575
15.27	-0.07608	-0.116	0.03992
15.28	-0.07177	-0.1145	0.04276
15.29	-0.06848	-0.1131	0.04458
15.3	-0.06511	-0.1116	0.04646
15.31	-0.06091	-0.1101	0.0492
15.32	-0.05644	-0.1086	0.0522
15.33	-0.05261	-0.1072	0.05455
15.34	-0.04972	-0.1057	0.05597
15.35	-0.04742	-0.1042	0.05679
15.36	-0.04531	-0.1027	0.0574
15.37	-0.04285	-0.1012	0.05836
15.38	-0.03947	-0.09968	0.06021
15.39	-0.03567	-0.09812	0.06245
15.4	-0.03297	-0.09653	0.06356
15.41	-0.03237	-0.09489	0.06252
15.42	-0.03252	-0.0932	0.06068
15.43	-0.03155	-0.09145	0.05989
15.44	-0.02873	-0.08962	0.06089
15.45	-0.02447	-0.08773	0.06325
15.46	-0.01955	-0.08574	0.06619
15.47	-0.01597	-0.08367	0.0677
15.48	-0.01591	-0.08149	0.06559
15.49	-0.01896	-0.07922	0.06025
15.5	-0.02214	-0.07683	0.05469
15.51	-0.023	-0.07434	0.05133
15.52	-0.0218	-0.07173	0.04993
15.53	-0.01943	-0.06901	0.04958
15.54	-0.0165	-0.06617	0.04967
15.55	-0.01334	-0.06323	0.04989
15.56	-0.01005	-0.06018	0.05013
15.57	-0.006011	-0.05703	0.05102
15.58	-0.0004336	-0.05379	0.05336
15.59	0.006454	-0.05046	0.05692
15.6	0.01342	-0.04706	0.06048
15.61	0.01943	-0.0436	0.06303
15.62	0.02437	-0.04009	0.06447
15.63	0.02839	-0.03655	0.06494
15.64	0.03174	-0.03299	0.06474
15.65	0.03487	-0.02943	0.06431
15.66	0.03811	-0.02589	0.064
15.67	0.04142	-0.02239	0.06381
15.68	0.0447	-0.01894	0.06364
15.69	0.04809	-0.01557	0.06367
15.7	0.05204	-0.0123	0.06434
15.71	0.05661	-0.009145	0.06576
15.72	0.0605	-0.006129	0.06663
15.73	0.06212	-0.003271	0.06539
15.74	0.06176	-0.000591	0.06235
15.75	0.06162	0.001892	0.05972
15.76	0.06329	0.004161	0.05913
15.77	0.06574	0.006197	0.05955
15.78	0.06733	0.007986	0.05935
15.79	0.06769	0.009512	0.05817
15.8	0.06768	0.01076	0.05692
15.81	0.06809	0.01173	0.05636
15.82	0.06897	0.01239	0.05657
15.83	0.07023	0.01276	0.05747
15.84	0.07178	0.01281	0.05897
15.85	0.0736	0.01255	0.06105
15.86	0.07564	0.01197	0.06367
15.87	0.07795	0.01107	0.06688
15.88	0.08061	0.009863	0.07074
15.89	0.08378	0.00834	0.07544
15.9	0.08779	0.00651	0.08128
15.91	0.09253	0.00438	0.08815
15.92	0.09626	0.001959	0.0943
15.93	0.09691	-0.0007426	0.09765
15.94	0.0943	-0.003713	0.09801
15.95	0.09011	-0.006938	0.09705
15.96	0.08597	-0.01041	0.09637
15.97	0.08287	-0.0141	0.09697
15.98	0.08164	-0.018	0.09964
15.99	0.08312	-0.0221	0.1052
16	0.08814	-0.02637	0.1145
