0.5	-0.9152	1.174	-2.09
0.51	-0.8631	1.155	-2.018
0.52	-0.8109	1.137	-1.948
0.53	-0.7585	1.12	-1.879
0.54	-0.7053	1.105	-1.81
0.55	-0.6509	1.091	-1.741
0.56	-0.595	1.077	-1.672
0.57	-0.5378	1.064	-1.602
0.58	-0.4794	1.052	-1.532
0.59	-0.42	1.04	-1.46
0.6	-0.3597	1.029	-1.388
0.61	-0.2986	1.017	-1.316
0.62	-0.2371	1.006	-1.243
0.63	-0.1751	0.9936	-1.169
0.64	-0.1128	0.9812	-1.094
0.65	-0.05021	0.9682	-1.018
0.66	0.01269	0.9545	-0.9418
0.67	0.07588	0.94	-0.8641
0.68	0.1393	0.9247	-0.7853
0.69	0.2028	0.9084	-0.7055
0.7	0.266	0.8911	-0.6251
0.71	0.3286	0.8729	-0.5443
0.72	0.3903	0.8537	-0.4635
0.73	0.4509	0.8335	-0.3827
0.74	0.5103	0.8125	-0.3022
0.75	0.5683	0.7905	-0.2223
0.76	0.6246	0.7678	-0.1432
0.77	0.6788	0.7444	-0.0656
0.78	0.7301	0.7204	0.009688
0.79	0.7782	0.696	0.08224
0.8	0.8231	0.6712	0.1519
0.81	0.8646	0.6462	0.2184
0.82	0.9027	0.6212	0.2815
0.83	0.9371	0.5963	0.3408
0.84	0.9678	0.5716	0.3961
0.85	0.9943	0.5473	0.447
0.86	1.017	0.5235	0.4931
0.87	1.035	0.5004	0.5342
0.88	1.048	0.4781	0.5701
0.89	1.058	0.4566	0.6012
0.9	1.064	0.4362	0.628
0.91	1.068	0.4169	0.6511
0.92	1.07	0.3987	0.6709
0.93	1.07	0.3818	0.688
0.94	1.069	0.3662	0.7025
0.95	1.066	0.3518	0.7144
0.96	1.062	0.3389	0.7235
0.97	1.057	0.3272	0.7301
0.98	1.052	0.3169	0.7346
0.99	1.046	0.3079	0.7377
1	1.041	0.3001	0.7408
1.01	1.039	0.2935	0.7452
1.02	1.04	0.288	0.7522
1.03	1.047	0.2836	0.7632
1.04	1.059	0.28	0.7791
1.05	1.078	0.2774	0.8008
1.06	1.104	0.2754	0.8289
1.07	1.139	0.274	0.8645
1.08	1.182	0.2731	0.9085
1.09	1.235	0.2726	0.962
1.1	1.299	0.2723	1.026
1.11	1.375	0.2721	1.103
1.12	1.467	0.2719	1.195
1.13	1.575	0.2716	1.303
1.14	1.702	0.2711	1.431
1.15	1.849	0.2703	1.578
1.16	2.016	0.269	1.747
1.17	2.203	0.2672	1.936
1.18	2.41	0.2648	2.145
1.19	2.632	0.2618	2.37
1.2	2.865	0.2581	2.607
1.21	3.103	0.2536	2.849
1.22	3.339	0.2483	3.09
1.23	3.563	0.2423	3.321
1.24	3.765	0.2354	3.53
1.25	3.933	0.2277	3.705
1.26	4.055	0.2192	3.836
1.27	4.124	0.21	3.914
1.28	4.133	0.1999	3.933
1.29	4.078	0.1892	3.889
1.3	3.961	0.1778	3.783
1.31	3.785	0.1658	3.619
1.32	3.56	0.1532	3.407
1.33	3.301	0.1401	3.161
1.34	3.021	0.1265	2.894
1.35	2.73	0.1126	2.617
1.36	2.44	0.09844	2.342
1.37	2.159	0.084	2.075
1.38	1.89	0.06939	1.821
1.39	1.638	0.05468	1.584
1.4	1.404	0.03992	1.365
1.41	1.189	0.02518	1.164
1.42	0.9921	0.01052	0.9815
1.43	0.8129	-0.004031	0.8169
1.44	0.6508	-0.01841	0.6692
1.45	0.5053	-0.03258	0.5378
1.46	0.3752	-0.04652	0.4218
1.47	0.2593	-0.06018	0.3195
1.48	0.1557	-0.07355	0.2292
1.49	0.06289	-0.08662	0.1495
1.5	-0.02061	-0.09937	0.07875
1.51	-0.09621	-0.1118	0.01558
1.52	-0.1649	-0.1239	-0.04103
1.53	-0.2276	-0.1357	-0.09197
1.54	-0.2852	-0.1471	-0.1381
1.55	-0.3383	-0.1583	-0.18
1.56	-0.3876	-0.1692	-0.2184
1.57	-0.4334	-0.1798	-0.2536
1.58	-0.4761	-0.1901	-0.2859
1.59	-0.5157	-0.2002	-0.3154
1.6	-0.5524	-0.2102	-0.3422
1.61	-0.5862	-0.2199	-0.3663
1.62	-0.6172	-0.2295	-0.3877
1.63	-0.6454	-0.2389	-0.4065
1.64	-0.6712	-0.2482	-0.4229
1.65	-0.695	-0.2575	-0.4375
1.66	-0.7171	-0.2666	-0.4505
1.67	-0.7376	-0.2756	-0.462
1.68	-0.7563	-0.2846	-0.4718
1.69	-0.7732	-0.2935	-0.4798
1.7	-0.7881	-0.3023	-0.4858
1.71	-0.801	-0.3111	-0.49
1.72	-0.8122	-0.3198	-0.4924
1.73	-0.8219	-0.3284	-0.4935
1.74	-0.8304	-0.3369	-0.4935
1.75	-0.8378	-0.3453	-0.4925
1.76	-0.844	-0.3536	-0.4904
1.77	-0.8488	-0.3617	-0.4871
1.78	-0.8519	-0.3697	-0.4822
1.79	-0.8532	-0.3774	-0.4757
1.8	-0.8524	-0.385	-0.4674
1.81	-0.8495	-0.3923	-0.4572
1.82	-0.8446	-0.3992	-0.4453
1.83	-0.8378	-0.4059	-0.4319
1.84	-0.8292	-0.4122	-0.417
1.85	-0.8189	-0.4181	-0.4008
1.86	-0.8072	-0.4237	-0.3835
1.87	-0.7939	-0.4287	-0.3652
1.88	-0.7794	-0.4334	-0.346
1.89	-0.7635	-0.4375	-0.326
1.9	-0.7462	-0.4411	-0.3051
1.91	-0.7273	-0.4442	-0.2832
1.92	-0.707	-0.4467	-0.2603
1.93	-0.6852	-0.4486	-0.2366
1.94	-0.662	-0.45	-0.212
1.95	-0.6374	-0.4508	-0.1866
1.96	-0.6116	-0.451	-0.1606
1.97	-0.5847	-0.4506	-0.1341
1.98	-0.557	-0.4496	-0.1074
1.99	-0.5287	-0.448	-0.0807
2	-0.5	-0.4459	-0.05412
2.01	-0.4711	-0.4432	-0.02786
2.02	-0.4421	-0.44	-0.002132
2.03	-0.4134	-0.4362	0.02285
2.04	-0.385	-0.432	0.04695
2.05	-0.3572	-0.4273	0.07009
2.06	-0.3299	-0.4221	0.09215
2.07	-0.3036	-0.4165	0.1129
2.08	-0.2785	-0.4105	0.132
2.09	-0.255	-0.4042	0.1493
2.1	-0.2333	-0.3976	0.1643
2.11	-0.2138	-0.3906	0.1768
2.12	-0.1964	-0.3834	0.1871
2.13	-0.1809	-0.376	0.1952
2.14	-0.167	-0.3684	0.2014
2.15	-0.1544	-0.3607	0.2063
2.16	-0.1429	-0.3528	0.21
2.17	-0.1325	-0.3449	0.2124
2.18	-0.1237	-0.3369	0.2132
2.19	-0.1167	-0.3288	0.2122
2.2	-0.1113	-0.3208	0.2095
2.21	-0.1077	-0.3128	0.2051
2.22	-0.1053	-0.3048	0.1994
2.23	-0.104	-0.2969	0.1929
2.24	-0.1033	-0.289	0.1857
2.25	-0.1032	-0.2813	0.178
2.26	-0.1036	-0.2736	0.17
2.27	-0.1044	-0.2661	0.1618
2.28	-0.1052	-0.2587	0.1535
2.29	-0.1059	-0.2515	0.1455
2.3	-0.1064	-0.2444	0.138
2.31	-0.1063	-0.2374	0.1311
2.32	-0.1056	-0.2305	0.1249
2.33	-0.1043	-0.2238	0.1196
2.34	-0.1022	-0.2172	0.115
2.35	-0.09948	-0.2108	0.1113
2.36	-0.09617	-0.2044	0.1083
2.37	-0.09228	-0.1982	0.1059
2.38	-0.08781	-0.192	0.1042
2.39	-0.08273	-0.186	0.1032
2.4	-0.07693	-0.18	0.1031
2.41	-0.07031	-0.1741	0.1037
2.42	-0.06269	-0.1682	0.1055
2.43	-0.0539	-0.1623	0.1084
2.44	-0.04387	-0.1565	0.1126
2.45	-0.03263	-0.1507	0.118
2.46	-0.0202	-0.1448	0.1246
2.47	-0.006498	-0.139	0.1325
2.48	0.008566	-0.1331	0.1417
2.49	0.02494	-0.1272	0.1522
2.5	0.04241	-0.1213	0.1637
2.51	0.06078	-0.1153	0.1761
2.52	0.07983	-0.1093	0.1891
2.53	0.09936	-0.1032	0.2025
2.54	0.1192	-0.09701	0.2162
2.55	0.1392	-0.0908	0.23
2.56	0.1593	-0.08452	0.2438
2.57	0.1793	-0.07819	0.2575
2.58	0.1991	-0.07181	0.2709
2.59	0.2187	-0.06539	0.284
2.6	0.2377	-0.05893	0.2967
2.61	0.2562	-0.05245	0.3086
2.62	0.274	-0.04595	0.32
2.63	0.2912	-0.03945	0.3306
2.64	0.3077	-0.03296	0.3407
2.65	0.3237	-0.0265	0.3502
2.66	0.3393	-0.02008	0.3593
2.67	0.3544	-0.01372	0.3681
2.68	0.3693	-0.007442	0.3767
2.69	0.3838	-0.001253	0.3851
2.7	0.3979	0.004824	0.3931
2.71	0.4114	0.01077	0.4006
2.72	0.424	0.01657	0.4075
2.73	0.4356	0.02221	0.4134
2.74	0.446	0.02767	0.4184
2.75	0.4556	0.03294	0.4226
2.76	0.4644	0.03799	0.4264
2.77	0.4726	0.04282	0.4298
2.78	0.4804	0.04742	0.433
2.79	0.4877	0.05177	0.4359
2.8	0.4944	0.05587	0.4385
2.81	0.5002	0.0597	0.4405
2.82	0.5051	0.06327	0.4419
2.83	0.509	0.06656	0.4425
2.84	0.5118	0.06957	0.4423
2.85	0.5137	0.0723	0.4414
2.86	0.5148	0.07476	0.4401
2.87	0.5155	0.07694	0.4386
2.88	0.5163	0.07884	0.4374
2.89	0.5171	0.08048	0.4366
2.9	0.5177	0.08184	0.4359
2.91	0.5179	0.08295	0.4349
2.92	0.5175	0.0838	0.4337
2.93	0.5166	0.08441	0.4322
2.94	0.5153	0.08477	0.4305
2.95	0.5137	0.0849	0.4288
2.96	0.5118	0.0848	0.427
2.97	0.5096	0.08448	0.4251
2.98	0.5069	0.08394	0.423
2.99	0.5036	0.08318	0.4204
3	0.4993	0.08222	0.4171
3.01	0.4938	0.08104	0.4127
3.02	0.4871	0.07965	0.4074
3.03	0.4792	0.07805	0.4012
3.04	0.4703	0.07624	0.3941
3.05	0.4605	0.0742	0.3863
3.06	0.4501	0.07193	0.3782
3.07	0.439	0.06942	0.3696
3.08	0.4271	0.06666	0.3605
3.09	0.4145	0.06364	0.3509
3.1	0.4012	0.06033	0.3409
3.11	0.3873	0.05674	0.3306
3.12	0.3727	0.05282	0.3199
3.13	0.3575	0.04858	0.3089
3.14	0.3414	0.04399	0.2975
3.15	0.3246	0.03902	0.2856
3.16	0.3068	0.03366	0.2731
3.17	0.2883	0.0279	0.2604
3.18	0.2692	0.0217	0.2475
3.19	0.2498	0.01506	0.2348
3.2	0.2303	0.007948	0.2224
3.21	0.2108	0.0003624	0.2104
3.22	0.191	-0.007714	0.1987
3.23	0.1708	-0.01629	0.187
3.24	0.1498	-0.02537	0.1751
3.25	0.128	-0.03496	0.1629
3.26	0.1052	-0.04506	0.1503
3.27	0.08187	-0.05566	0.1375
3.28	0.0581	-0.06675	0.1248
3.29	0.03415	-0.07832	0.1125
3.3	0.01016	-0.09035	0.1005
3.31	-0.01376	-0.1028	0.08905
3.32	-0.0376	-0.1157	0.07809
3.33	-0.06133	-0.1289	0.0676
3.34	-0.08499	-0.1425	0.05752
3.35	-0.1087	-0.1564	0.04773
3.36	-0.1323	-0.1705	0.03816
3.37	-0.1559	-0.1848	0.02891
3.38	-0.1791	-0.1993	0.02015
3.39	-0.2019	-0.2138	0.01194
3.4	-0.224	-0.2283	0.004314
3.41	-0.2456	-0.2428	-0.002713
3.42	-0.2664	-0.2572	-0.009182
3.43	-0.2866	-0.2715	-0.01515
3.44	-0.3062	-0.2854	-0.02074
3.45	-0.3253	-0.2991	-0.02616
3.46	-0.3439	-0.3124	-0.03153
3.47	-0.3619	-0.3253	-0.0366
3.48	-0.3787	-0.3376	-0.04107
3.49	-0.3943	-0.3494	-0.04489
3.5	-0.4089	-0.3606	-0.0483
3.51	-0.4227	-0.3711	-0.05152
3.52	-0.4356	-0.3809	-0.0546
3.53	-0.4476	-0.39	-0.05758
3.54	-0.4589	-0.3983	-0.06063
3.55	-0.4698	-0.4057	-0.06403
3.56	-0.4803	-0.4124	-0.06798
3.57	-0.4905	-0.4181	-0.07237
3.58	-0.5	-0.423	-0.077
3.59	-0.5089	-0.4271	-0.08179
3.6	-0.5171	-0.4303	-0.08683
3.61	-0.5248	-0.4326	-0.0922
3.62	-0.5321	-0.4342	-0.09791
3.63	-0.5389	-0.4349	-0.1039
3.64	-0.5452	-0.4349	-0.1102
3.65	-0.5508	-0.4342	-0.1166
3.66	-0.5558	-0.4328	-0.123
3.67	-0.5603	-0.4308	-0.1295
3.68	-0.5644	-0.4283	-0.1361
3.69	-0.5683	-0.4252	-0.143
3.7	-0.572	-0.4217	-0.1502
3.71	-0.5755	-0.4179	-0.1576
3.72	-0.5788	-0.4137	-0.165
3.73	-0.5815	-0.4094	-0.1721
3.74	-0.5837	-0.4049	-0.1789
3.75	-0.5857	-0.4003	-0.1855
3.76	-0.5877	-0.3957	-0.192
3.77	-0.5895	-0.3911	-0.1984
3.78	-0.591	-0.3867	-0.2044
3.79	-0.5924	-0.3824	-0.21
3.8	-0.5937	-0.3784	-0.2153
3.81	-0.5949	-0.3747	-0.2203
3.82	-0.5961	-0.3713	-0.2248
3.83	-0.5969	-0.3682	-0.2287
3.84	-0.5973	-0.3656	-0.2317
3.85	-0.5973	-0.3635	-0.2339
3.86	-0.597	-0.3618	-0.2352
3.87	-0.5964	-0.3606	-0.2358
3.88	-0.5958	-0.3599	-0.236
3.89	-0.5955	-0.3596	-0.2359
3.9	-0.5956	-0.3599	-0.2357
3.91	-0.5963	-0.3606	-0.2356
3.92	-0.5971	-0.3618	-0.2352
3.93	-0.5976	-0.3635	-0.2341
3.94	-0.5976	-0.3655	-0.2321
3.95	-0.5974	-0.368	-0.2294
3.96	-0.5971	-0.3708	-0.2264
3.97	-0.5969	-0.3738	-0.2231
3.98	-0.597	-0.3772	-0.2198
3.99	-0.5972	-0.3807	-0.2164
4	-0.5973	-0.3844	-0.2129
4.01	-0.5972	-0.3882	-0.209
4.02	-0.5968	-0.3921	-0.2047
4.03	-0.5961	-0.396	-0.2001
4.04	-0.595	-0.3998	-0.1952
4.05	-0.5937	-0.4036	-0.1902
4.06	-0.5923	-0.4072	-0.1851
4.07	-0.5907	-0.4106	-0.1801
4.08	-0.589	-0.4137	-0.1752
4.09	-0.5871	-0.4166	-0.1705
4.1	-0.5848	-0.4192	-0.1656
4.11	-0.5821	-0.4215	-0.1607
4.12	-0.5792	-0.4233	-0.1559
4.13	-0.5763	-0.4248	-0.1515
4.14	-0.5735	-0.4258	-0.1477
4.15	-0.5703	-0.4264	-0.1439
4.16	-0.5666	-0.4265	-0.1401
4.17	-0.5625	-0.4261	-0.1364
4.18	-0.5584	-0.4253	-0.1331
4.19	-0.5543	-0.424	-0.1303
4.2	-0.5499	-0.4222	-0.1278
4.21	-0.5452	-0.4199	-0.1253
4.22	-0.5398	-0.4171	-0.1227
4.23	-0.5337	-0.4139	-0.1198
4.24	-0.527	-0.4102	-0.1168
4.25	-0.5198	-0.4061	-0.1137
4.26	-0.5122	-0.4016	-0.1107
4.27	-0.5044	-0.3966	-0.1078
4.28	-0.4963	-0.3912	-0.1051
4.29	-0.4881	-0.3855	-0.1026
4.3	-0.4797	-0.3793	-0.1004
4.31	-0.4713	-0.3729	-0.0984
4.32	-0.4625	-0.366	-0.09647
4.33	-0.4533	-0.3588	-0.09447
4.34	-0.4438	-0.3514	-0.09243
4.35	-0.4341	-0.3435	-0.09058
4.36	-0.4244	-0.3354	-0.08899
4.37	-0.4142	-0.327	-0.08727
4.38	-0.4031	-0.3182	-0.08488
4.39	-0.391	-0.3092	-0.08178
4.4	-0.3782	-0.2999	-0.07836
4.41	-0.3652	-0.2902	-0.07501
4.42	-0.3522	-0.2803	-0.07192
4.43	-0.3392	-0.27	-0.0692
4.44	-0.3261	-0.2594	-0.06672
4.45	-0.3126	-0.2485	-0.06407
4.46	-0.2982	-0.2373	-0.06096
4.47	-0.2832	-0.2257	-0.05756
4.48	-0.2679	-0.2137	-0.05417
4.49	-0.2523	-0.2014	-0.05093
4.5	-0.2366	-0.1887	-0.04785
4.51	-0.2206	-0.1757	-0.04493
4.52	-0.2043	-0.1622	-0.04205
4.53	-0.1875	-0.1484	-0.03907
4.54	-0.1701	-0.1342	-0.0359
4.55	-0.1521	-0.1196	-0.03248
4.56	-0.1334	-0.1046	-0.02884
4.57	-0.1144	-0.08921	-0.02517
4.58	-0.09516	-0.07344	-0.02172
4.59	-0.07589	-0.05728	-0.0186
4.6	-0.05652	-0.04076	-0.01575
4.61	-0.03705	-0.02389	-0.01316
4.62	-0.01773	-0.006681	-0.01105
4.63	0.001155	0.01085	-0.009695
4.64	0.01966	0.02868	-0.009021
4.65	0.03819	0.04679	-0.0086
4.66	0.05706	0.06515	-0.008084
4.67	0.07621	0.08373	-0.007515
4.68	0.09549	0.1025	-0.007019
4.69	0.115	0.1214	-0.006462
4.7	0.1351	0.1405	-0.00545
4.71	0.1559	0.1597	-0.003756
4.72	0.177	0.1789	-0.001877
4.73	0.1977	0.1982	-0.0004719
4.74	0.2177	0.2174	0.0002421
4.75	0.2371	0.2366	0.0004857
4.76	0.2563	0.2558	0.0005152
4.77	0.2754	0.2748	0.0006503
4.78	0.2949	0.2936	0.001216
4.79	0.3146	0.3123	0.002287
4.8	0.3345	0.3308	0.003692
4.81	0.3544	0.3491	0.005306
4.82	0.3743	0.367	0.007245
4.83	0.3944	0.3847	0.009675
4.84	0.4146	0.4021	0.01252
4.85	0.4345	0.4191	0.01546
4.86	0.4539	0.4357	0.0182
4.87	0.4725	0.452	0.02051
4.88	0.4901	0.4679	0.0222
4.89	0.5068	0.4833	0.02345
4.9	0.5232	0.4983	0.02484
4.91	0.5397	0.5129	0.02676
4.92	0.556	0.5271	0.02892
4.93	0.5717	0.5408	0.0309
4.94	0.5866	0.554	0.03265
4.95	0.6012	0.5668	0.03446
4.96	0.6157	0.5791	0.03663
4.97	0.6301	0.5909	0.0392
4.98	0.6444	0.6022	0.04216
4.99	0.6586	0.6131	0.04549
5	0.6726	0.6235	0.04916
5.01	0.6865	0.6334	0.05314
5.02	0.7001	0.6428	0.05728
5.03	0.7131	0.6517	0.06138
5.04	0.7252	0.6602	0.06509
5.05	0.7359	0.6681	0.06783
5.06	0.7447	0.6755	0.06921
5.07	0.752	0.6825	0.06957
5.08	0.7583	0.6889	0.06942
5.09	0.7638	0.6948	0.06903
5.1	0.7686	0.7001	0.06845
5.11	0.7727	0.705	0.06769
5.12	0.7759	0.7092	0.06666
5.13	0.7782	0.7129	0.06524
5.14	0.7798	0.7161	0.06369
5.15	0.7812	0.7186	0.0626
5.16	0.7829	0.7205	0.06238
5.17	0.7844	0.7218	0.06255
5.18	0.785	0.7225	0.06243
5.19	0.7842	0.7226	0.06161
5.2	0.7819	0.7219	0.05997
5.21	0.7781	0.7206	0.05747
5.22	0.7731	0.7186	0.05447
5.23	0.7673	0.7159	0.05138
5.24	0.7608	0.7124	0.04839
5.25	0.7536	0.7082	0.04538
5.26	0.7456	0.7033	0.04227
5.27	0.7367	0.6976	0.03908
5.28	0.7271	0.6912	0.03585
5.29	0.7166	0.684	0.0326
5.3	0.7054	0.676	0.0294
5.31	0.6936	0.6673	0.02633
5.32	0.6814	0.6578	0.02363
5.33	0.669	0.6475	0.02154
5.34	0.6564	0.6364	0.01999
5.35	0.6432	0.6247	0.01851
5.36	0.6289	0.6121	0.01675
5.37	0.6137	0.5989	0.0148
5.38	0.5978	0.5849	0.01285
5.39	0.5814	0.5703	0.0111
5.4	0.5647	0.555	0.009706
5.41	0.5479	0.5391	0.008793
5.42	0.5308	0.5226	0.008228
5.43	0.5133	0.5055	0.007829
5.44	0.4954	0.4879	0.00755
5.45	0.4773	0.4698	0.007484
5.46	0.4589	0.4512	0.007672
5.47	0.4402	0.4323	0.007939
5.48	0.421	0.4129	0.008066
5.49	0.4013	0.3933	0.00804
5.5	0.3814	0.3734	0.008061
5.51	0.3615	0.3533	0.008294
5.52	0.3417	0.333	0.00875
5.53	0.322	0.3126	0.009389
5.54	0.3021	0.2921	0.009992
5.55	0.2818	0.2717	0.01016
5.56	0.2609	0.2513	0.009653
5.57	0.2399	0.231	0.008909
5.58	0.2193	0.2108	0.008515
5.59	0.1995	0.1909	0.008621
5.6	0.1802	0.1712	0.008939
5.61	0.1612	0.1519	0.009293
5.62	0.143	0.1329	0.01003
5.63	0.126	0.1144	0.01158
5.64	0.1101	0.09632	0.01378
5.65	0.09457	0.07876	0.01581
5.66	0.07875	0.06175	0.01701
5.67	0.06272	0.04533	0.0174
5.68	0.04671	0.02954	0.01717
5.69	0.03062	0.01441	0.01621
5.7	0.01407	-1.843e-05	0.01409
5.71	-0.00313	-0.01373	0.0106
5.72	-0.02033	-0.0267	0.006367
5.73	-0.03669	-0.0389	0.002212
5.74	-0.05199	-0.05033	-0.001661
5.75	-0.06663	-0.06096	-0.005667
5.76	-0.08094	-0.0708	-0.01013
5.77	-0.09481	-0.07984	-0.01496
5.78	-0.108	-0.08809	-0.01995
5.79	-0.1206	-0.09554	-0.02502
5.8	-0.1324	-0.1022	-0.03023
5.81	-0.1437	-0.1081	-0.0356
5.82	-0.1543	-0.1133	-0.04102
5.83	-0.164	-0.1177	-0.04633
5.84	-0.1729	-0.1214	-0.05152
5.85	-0.1811	-0.1244	-0.05665
5.86	-0.1887	-0.1268	-0.06185
5.87	-0.196	-0.1286	-0.06733
5.88	-0.2032	-0.1298	-0.07331
5.89	-0.2101	-0.1305	-0.07958
5.9	-0.2162	-0.1308	-0.08545
5.91	-0.221	-0.1305	-0.09046
5.92	-0.2249	-0.1299	-0.09495
5.93	-0.2285	-0.129	-0.09947
5.94	-0.2317	-0.1277	-0.104
5.95	-0.2343	-0.1263	-0.108
5.96	-0.2357	-0.1246	-0.1111
5.97	-0.2365	-0.1228	-0.1137
5.98	-0.2372	-0.1209	-0.1163
5.99	-0.2381	-0.1189	-0.1191
6	-0.239	-0.117	-0.122
6.01	-0.2398	-0.1151	-0.1247
6.02	-0.2409	-0.1133	-0.1276
6.03	-0.2423	-0.1117	-0.1306
6.04	-0.2442	-0.1102	-0.1339
6.05	-0.2464	-0.109	-0.1375
6.06	-0.249	-0.108	-0.141
6.07	-0.2518	-0.1073	-0.1445
6.08	-0.2548	-0.1069	-0.1479
6.09	-0.2577	-0.1069	-0.1508
6.1	-0.2604	-0.1072	-0.1532
6.11	-0.2626	-0.1079	-0.1547
6.12	-0.2644	-0.109	-0.1555
6.13	-0.266	-0.1105	-0.1556
6.14	-0.2675	-0.1124	-0.1551
6.15	-0.2688	-0.1148	-0.154
6.16	-0.2701	-0.1175	-0.1526
6.17	-0.2718	-0.1207	-0.1511
6.18	-0.2743	-0.1243	-0.15
6.19	-0.2774	-0.1283	-0.1491
6.2	-0.2804	-0.1327	-0.1477
6.21	-0.2831	-0.1375	-0.1456
6.22	-0.286	-0.1427	-0.1434
6.23	-0.2902	-0.1482	-0.142
6.24	-0.2954	-0.1541	-0.1413
6.25	-0.3004	-0.1602	-0.1402
6.26	-0.3044	-0.1667	-0.1377
6.27	-0.3077	-0.1735	-0.1343
6.28	-0.311	-0.1805	-0.1305
6.29	-0.3144	-0.1877	-0.1267
6.3	-0.3178	-0.1952	-0.1226
6.31	-0.3211	-0.2028	-0.1183
6.32	-0.3246	-0.2107	-0.1139
6.33	-0.3287	-0.2186	-0.11
6.34	-0.3335	-0.2267	-0.1068
6.35	-0.3387	-0.2349	-0.1038
6.36	-0.3441	-0.2432	-0.1009
6.37	-0.3499	-0.2516	-0.09835
6.38	-0.3564	-0.26	-0.09635
6.39	-0.3632	-0.2685	-0.0947
6.4	-0.3696	-0.2769	-0.09267
6.41	-0.3752	-0.2854	-0.08976
6.42	-0.3802	-0.2939	-0.08624
6.43	-0.385	-0.3024	-0.08262
6.44	-0.39	-0.3108	-0.07915
6.45	-0.3951	-0.3192	-0.07584
6.46	-0.4002	-0.3276	-0.07268
6.47	-0.4056	-0.3359	-0.06976
6.48	-0.4112	-0.3441	-0.06718
6.49	-0.4171	-0.3522	-0.06492
6.5	-0.4231	-0.3602	-0.06284
6.51	-0.4289	-0.3681	-0.06078
6.52	-0.4345	-0.376	-0.0585
6.53	-0.4394	-0.3836	-0.05574
6.54	-0.4438	-0.3912	-0.05266
6.55	-0.4483	-0.3985	-0.04976
6.56	-0.4532	-0.4057	-0.04748
6.57	-0.4585	-0.4127	-0.04575
6.58	-0.4639	-0.4195	-0.04437
6.59	-0.4693	-0.4261	-0.04316
6.6	-0.4744	-0.4324	-0.04196
6.61	-0.4792	-0.4385	-0.04068
6.62	-0.4837	-0.4443	-0.0394
6.63	-0.488	-0.4497	-0.0383
6.64	-0.4923	-0.4548	-0.03744
6.65	-0.4964	-0.4596	-0.03681
6.66	-0.5004	-0.464	-0.03635
6.67	-0.5038	-0.468	-0.0358
6.68	-0.5064	-0.4716	-0.03482
6.69	-0.508	-0.4747	-0.03329
6.7	-0.5086	-0.4773	-0.03125
6.71	-0.5083	-0.4795	-0.02884
6.72	-0.5077	-0.4811	-0.02656
6.73	-0.5072	-0.4822	-0.02498
6.74	-0.5068	-0.4828	-0.02404
6.75	-0.5059	-0.4828	-0.02309
6.76	-0.5038	-0.4822	-0.02164
6.77	-0.5011	-0.481	-0.02012
6.78	-0.4984	-0.4792	-0.01916
6.79	-0.4955	-0.4768	-0.01874
6.8	-0.492	-0.4738	-0.01824
6.81	-0.4873	-0.4702	-0.01715
6.82	-0.4816	-0.466	-0.01559
6.83	-0.475	-0.4611	-0.01385
6.84	-0.4679	-0.4557	-0.01221
6.85	-0.4607	-0.4497	-0.01098
6.86	-0.4536	-0.4432	-0.01043
6.87	-0.4469	-0.4361	-0.0108
6.88	-0.4408	-0.4285	-0.01229
6.89	-0.4351	-0.4204	-0.01475
6.9	-0.4295	-0.4118	-0.01769
6.91	-0.4235	-0.4028	-0.02068
6.92	-0.417	-0.3934	-0.02361
6.93	-0.4101	-0.3836	-0.02649
6.94	-0.4028	-0.3735	-0.0293
6.95	-0.3951	-0.3631	-0.03207
6.96	-0.3872	-0.3524	-0.03481
6.97	-0.3789	-0.3415	-0.03745
6.98	-0.3704	-0.3304	-0.03992
6.99	-0.3615	-0.3192	-0.04228
7	-0.3526	-0.3079	-0.04471
7.01	-0.3439	-0.2966	-0.04735
7.02	-0.3352	-0.2852	-0.05006
7.03	-0.3264	-0.2738	-0.05267
7.04	-0.3173	-0.2624	-0.05482
7.05	-0.3072	-0.2512	-0.05606
7.06	-0.2961	-0.24	-0.05614
7.07	-0.2847	-0.229	-0.05576
7.08	-0.2739	-0.2181	-0.05582
7.09	-0.2638	-0.2074	-0.05648
7.1	-0.254	-0.1969	-0.05712
7.11	-0.2438	-0.1865	-0.05721
7.12	-0.2332	-0.1764	-0.05676
7.13	-0.2225	-0.1666	-0.05587
7.14	-0.2115	-0.1569	-0.05457
7.15	-0.2003	-0.1475	-0.05274
7.16	-0.1887	-0.1384	-0.05034
7.17	-0.177	-0.1294	-0.04759
7.18	-0.1655	-0.1207	-0.04479
7.19	-0.1544	-0.1122	-0.04218
7.2	-0.1439	-0.1039	-0.03999
7.21	-0.1341	-0.09585	-0.03827
7.22	-0.1245	-0.08794	-0.03655
7.23	-0.1144	-0.08019	-0.0342
7.24	-0.1036	-0.0726	-0.03099
7.25	-0.09218	-0.06514	-0.02704
7.26	-0.08038	-0.0578	-0.02258
7.27	-0.0687	-0.05058	-0.01812
7.28	-0.0577	-0.04344	-0.01426
7.29	-0.04781	-0.03639	-0.01142
7.3	-0.03927	-0.0294	-0.009868
7.31	-0.0321	-0.02247	-0.009631
7.32	-0.02534	-0.0156	-0.009747
7.33	-0.01783	-0.008761	-0.009068
7.34	-0.009633	-0.001967	-0.007666
7.35	-0.002046	0.004788	-0.006834
7.36	0.003934	0.0115	-0.007568
7.37	0.008699	0.01817	-0.009473
7.38	0.01298	0.02479	-0.01181
7.39	0.01726	0.03135	-0.01409
7.4	0.02178	0.03783	-0.01605
7.41	0.02667	0.04422	-0.01755
7.42	0.03163	0.0505	-0.01887
7.43	0.03629	0.05665	-0.02037
7.44	0.04027	0.06266	-0.02239
7.45	0.04326	0.06848	-0.02523
7.46	0.04513	0.07411	-0.02898
7.47	0.04646	0.0795	-0.03305
7.48	0.04796	0.08463	-0.03667
7.49	0.04984	0.08948	-0.03964
7.5	0.05173	0.094	-0.04227
7.51	0.05319	0.09817	-0.04498
7.52	0.05359	0.102	-0.04838
7.53	0.0523	0.1053	-0.05305
7.54	0.05037	0.1083	-0.05791
7.55	0.05054	0.1108	-0.06022
7.56	0.0545	0.1127	-0.05825
7.57	0.05962	0.1142	-0.0546
7.58	0.06229	0.1152	-0.05287
7.59	0.06163	0.1155	-0.05391
7.6	0.05953	0.1154	-0.05583
7.61	0.05757	0.1146	-0.05703
7.62	0.05561	0.1133	-0.05765
7.63	0.05314	0.1113	-0.05818
7.64	0.05001	0.1088	-0.05878
7.65	0.04648	0.1057	-0.05921
7.66	0.0428	0.102	-0.0592
7.67	0.03923	0.09775	-0.05851
7.68	0.03602	0.09294	-0.05693
7.69	0.03295	0.08761	-0.05465
7.7	0.02942	0.08177	-0.05235
7.71	0.02498	0.07545	-0.05047
7.72	0.02014	0.06867	-0.04853
7.73	0.01562	0.06149	-0.04587
7.74	0.01177	0.05392	-0.04215
7.75	0.008593	0.04601	-0.03742
7.76	0.006018	0.0378	-0.03178
7.77	0.003694	0.02933	-0.02564
7.78	0.001212	0.02065	-0.01944
7.79	-0.001639	0.0118	-0.01344
7.8	-0.004875	0.002831	-0.007706
7.81	-0.008523	-0.006217	-0.002306
7.82	-0.0127	-0.01529	0.002597
7.83	-0.01752	-0.02436	0.006838
7.84	-0.02276	-0.03336	0.0106
7.85	-0.02785	-0.04226	0.01441
7.86	-0.03231	-0.05101	0.0187
7.87	-0.03607	-0.05959	0.02352
7.88	-0.03916	-0.06794	0.02878
7.89	-0.0417	-0.07604	0.03434
7.9	-0.04386	-0.08385	0.03998
7.91	-0.0459	-0.09134	0.04544
7.92	-0.04826	-0.0985	0.05024
7.93	-0.05143	-0.1053	0.05387
7.94	-0.05518	-0.1117	0.05655
7.95	-0.05853	-0.1178	0.05922
7.96	-0.0608	-0.1234	0.06258
7.97	-0.06236	-0.1286	0.06624
7.98	-0.06385	-0.1334	0.06954
7.99	-0.06562	-0.1378	0.07216
8	-0.06768	-0.1418	0.07408
8.01	-0.06996	-0.1453	0.07537
8.02	-0.07203	-0.1485	0.07649
8.03	-0.07336	-0.1513	0.07795
8.04	-0.07333	-0.1537	0.08041
8.05	-0.07123	-0.1558	0.08459
8.06	-0.0669	-0.1576	0.09066
8.07	-0.0625	-0.159	0.09648
8.08	-0.0607	-0.1601	0.09941
8.09	-0.06185	-0.161	0.09912
8.1	-0.06407	-0.1616	0.0975
8.11	-0.06552	-0.162	0.09643
8.12	-0.065	-0.1621	0.09713
8.13	-0.06153	-0.1621	0.1006
8.14	-0.05593	-0.1619	0.106
8.15	-0.05079	-0.1616	0.1108
8.16	-0.04799	-0.1611	0.1131
8.17	-0.04623	-0.1605	0.1143
8.18	-0.04348	-0.1599	0.1164
8.19	-0.03909	-0.1591	0.12
8.2	-0.03383	-0.1583	0.1244
8.21	-0.02835	-0.1573	0.129
8.22	-0.0227	-0.1564	0.1337
8.23	-0.01678	-0.1553	0.1385
8.24	-0.01059	-0.1542	0.1436
8.25	-0.004287	-0.1531	0.1488
8.26	0.002039	-0.1518	0.1539
8.27	0.008424	-0.1505	0.159
8.28	0.01493	-0.1492	0.1641
8.29	0.02128	-0.1477	0.169
8.3	0.02688	-0.1461	0.173
8.31	0.03124	-0.1445	0.1757
8.32	0.03445	-0.1427	0.1771
8.33	0.03671	-0.1408	0.1775
8.34	0.03821	-0.1387	0.1769
8.35	0.03912	-0.1365	0.1756
8.36	0.03975	-0.1341	0.1739
8.37	0.04097	-0.1315	0.1725
8.38	0.04376	-0.1288	0.1725
8.39	0.04832	-0.1258	0.1741
8.4	0.05404	-0.1226	0.1767
8.41	0.06029	-0.1192	0.1795
8.42	0.06632	-0.1156	0.1819
8.43	0.0714	-0.1118	0.1832
8.44	0.07532	-0.1077	0.183
8.45	0.07841	-0.1034	0.1818
8.46	0.08097	-0.09891	0.1799
8.47	0.08315	-0.09419	0.1773
8.48	0.08507	-0.08928	0.1743
8.49	0.08694	-0.08419	0.1711
8.5	0.08908	-0.07892	0.168
8.51	0.09166	-0.07351	0.1652
8.52	0.0944	-0.06797	0.1624
8.53	0.09687	-0.06233	0.1592
8.54	0.09903	-0.0566	0.1556
8.55	0.1012	-0.05083	0.152
8.56	0.1036	-0.04503	0.1487
8.57	0.1062	-0.03924	0.1455
8.58	0.1089	-0.0335	0.1424
8.59	0.1118	-0.02782	0.1396
8.6	0.1154	-0.02224	0.1376
8.61	0.12	-0.01681	0.1368
8.62	0.1249	-0.01154	0.1365
8.63	0.1296	-0.006471	0.1361
8.64	0.1333	-0.001631	0.1349
8.65	0.1357	0.002951	0.1328
8.66	0.1366	0.007248	0.1293
8.67	0.1363	0.01124	0.125
8.68	0.1354	0.01489	0.1205
8.69	0.1342	0.0182	0.116
8.7	0.1328	0.02114	0.1116
8.71	0.1312	0.0237	0.1075
8.72	0.1295	0.02587	0.1036
8.73	0.1273	0.02765	0.09969
8.74	0.125	0.02903	0.09599
8.75	0.1231	0.03001	0.09309
8.76	0.1219	0.03059	0.09132
8.77	0.1209	0.0308	0.09014
8.78	0.1194	0.03062	0.08878
8.79	0.117	0.03009	0.08686
8.8	0.1136	0.02922	0.08434
8.81	0.1094	0.02803	0.08135
8.82	0.1052	0.02654	0.07868
8.83	0.102	0.02478	0.0772
8.84	0.09988	0.02278	0.0771
8.85	0.09845	0.02057	0.07789
8.86	0.09727	0.01817	0.0791
8.87	0.0963	0.01563	0.08067
8.88	0.09557	0.01296	0.0826
8.89	0.09502	0.01022	0.0848
8.9	0.09444	0.007424	0.08702
8.91	0.09363	0.004612	0.08902
8.92	0.09225	0.001812	0.09044
8.93	0.08998	-0.0009421	0.09092
8.94	0.08665	-0.003623	0.09027
8.95	0.08227	-0.006204	0.08848
8.96	0.07705	-0.00866	0.08571
8.97	0.07187	-0.01097	0.08283
8.98	0.06776	-0.01311	0.08087
8.99	0.06488	-0.01506	0.07995
9	0.0625	-0.01682	0.07932
9.01	0.05971	-0.01837	0.07807
9.02	0.055	-0.01969	0.07469
9.03	0.04688	-0.0208	0.06768
9.04	0.03711	-0.02167	0.05878
9.05	0.03069	-0.02232	0.05302
9.06	0.0311	-0.02276	0.05386
9.07	0.03506	-0.02297	0.05803
9.08	0.03774	-0.02298	0.06072
9.09	0.03739	-0.02279	0.06018
9.1	0.03532	-0.02242	0.05774
9.11	0.03277	-0.02188	0.05465
9.12	0.03004	-0.02119	0.05123
9.13	0.0272	-0.02037	0.04757
9.14	0.02419	-0.01942	0.04362
9.15	0.02081	-0.01838	0.0392
9.16	0.01701	-0.01726	0.03427
9.17	0.0134	-0.01608	0.02948
9.18	0.01072	-0.01485	0.02557
9.19	0.009143	-0.01359	0.02273
9.2	0.008248	-0.01232	0.02057
9.21	0.007638	-0.01106	0.01869
9.22	0.007095	-0.009803	0.0169
9.23	0.006451	-0.008577	0.01503
9.24	0.005705	-0.007385	0.01309
9.25	0.005031	-0.006233	0.01126
9.26	0.004525	-0.005127	0.009652
9.27	0.003965	-0.004069	0.008033
9.28	0.003064	-0.003056	0.00612
9.29	0.00197	-0.002089	0.004058
9.3	0.001263	-0.00116	0.002423
9.31	0.001381	-0.0002628	0.001644
9.32	0.002105	0.0006115	0.001494
9.33	0.003052	0.001474	0.001577
9.34	0.003773	0.002339	0.001434
9.35	0.003757	0.003219	0.0005383
9.36	0.002733	0.004131	-0.001398
9.37	0.001392	0.005092	-0.0037
9.38	0.0006509	0.006118	-0.005467
9.39	0.00102	0.007228	-0.006208
9.4	0.002603	0.008441	-0.005837
9.41	0.005312	0.009772	-0.00446
9.42	0.008364	0.01124	-0.002878
9.43	0.01083	0.01286	-0.002035
9.44	0.01246	0.01466	-0.002201
9.45	0.01367	0.01663	-0.002967
9.46	0.01495	0.01881	-0.003858
9.47	0.01695	0.02119	-0.004244
9.48	0.0203	0.02379	-0.003488
9.49	0.02489	0.02661	-0.001719
9.5	0.02984	0.02966	0.0001762
9.51	0.03442	0.03295	0.001472
9.52	0.03869	0.03646	0.002227
9.53	0.04288	0.0402	0.00268
9.54	0.04688	0.04417	0.002708
9.55	0.05018	0.04835	0.001825
9.56	0.05251	0.05274	-0.0002246
9.57	0.05461	0.05732	-0.002712
9.58	0.05739	0.06208	-0.004693
9.59	0.06099	0.06701	-0.006019
9.6	0.06475	0.07207	-0.007328
9.61	0.06813	0.07727	-0.009134
9.62	0.07125	0.08256	-0.01131
9.63	0.07437	0.08794	-0.01357
9.64	0.07792	0.09338	-0.01546
9.65	0.08246	0.09885	-0.01639
9.66	0.08811	0.1043	-0.01622
9.67	0.09312	0.1098	-0.01668
9.68	0.09534	0.1152	-0.01988
9.69	0.09479	0.1206	-0.0258
9.7	0.09357	0.1259	-0.0323
9.71	0.09368	0.131	-0.03736
9.72	0.09617	0.1361	-0.03992
9.73	0.1018	0.141	-0.03919
9.74	0.1096	0.1457	-0.03611
9.75	0.117	0.1503	-0.03329
9.76	0.1219	0.1546	-0.03272
9.77	0.1251	0.1587	-0.03365
9.78	0.128	0.1627	-0.03464
9.79	0.1315	0.1663	-0.03487
9.8	0.1357	0.1698	-0.03412
9.81	0.1406	0.173	-0.03234
9.82	0.1459	0.1759	-0.02998
9.83	0.1509	0.1786	-0.02766
9.84	0.1552	0.181	-0.02581
9.85	0.1585	0.1832	-0.02473
9.86	0.1606	0.1851	-0.02449
9.87	0.1625	0.1868	-0.02432
9.88	0.1649	0.1882	-0.02329
9.89	0.1678	0.1894	-0.02163
9.9	0.1697	0.1904	-0.02071
9.91	0.1696	0.1911	-0.02149
9.92	0.1685	0.1916	-0.02307
9.93	0.1678	0.1918	-0.02408
9.94	0.1677	0.1919	-0.02416
9.95	0.1678	0.1918	-0.02392
9.96	0.1676	0.1914	-0.02378
9.97	0.1676	0.1908	-0.02322
9.98	0.1685	0.1901	-0.02155
9.99	0.1703	0.1891	-0.01886
10	0.1719	0.188	-0.01606
10.01	0.1727	0.1867	-0.01395
10.02	0.1723	0.1851	-0.01278
10.03	0.1707	0.1834	-0.01266
10.04	0.1684	0.1815	-0.01309
10.05	0.1664	0.1794	-0.01297
10.06	0.1655	0.1771	-0.01153
10.07	0.1653	0.1745	-0.009219
10.08	0.165	0.1718	-0.006813
10.09	0.1642	0.1689	-0.004678
10.1	0.1629	0.1657	-0.002781
10.11	0.1612	0.1623	-0.001084
10.12	0.1591	0.1587	0.0004032
10.13	0.1565	0.1548	0.001657
10.14	0.1534	0.1508	0.002598
10.15	0.1495	0.1464	0.003091
10.16	0.145	0.1419	0.003157
10.17	0.1405	0.1371	0.003454
10.18	0.1368	0.132	0.00477
10.19	0.1341	0.1267	0.007362
10.2	0.1321	0.1212	0.01095
10.21	0.1306	0.1154	0.01518
10.22	0.1288	0.1094	0.0194
10.23	0.1262	0.1032	0.02294
10.24	0.1227	0.09684	0.02582
10.25	0.119	0.09024	0.02877
10.26	0.1159	0.08347	0.03244
10.27	0.1138	0.07654	0.03724
10.28	0.1129	0.06948	0.04344
10.29	0.1127	0.0623	0.05038
10.3	0.1115	0.05502	0.05645
10.31	0.1081	0.04768	0.06047
10.32	0.1034	0.0403	0.0631
10.33	0.09835	0.0329	0.06545
10.34	0.09385	0.02553	0.06832
10.35	0.09039	0.0182	0.07219
10.36	0.08819	0.01095	0.07724
10.37	0.08639	0.003815	0.08258
10.38	0.08387	-0.003175	0.08705
10.39	0.08035	-0.009987	0.09033
10.4	0.07633	-0.01659	0.09292
10.41	0.07233	-0.02295	0.09528
10.42	0.06869	-0.02903	0.09772
10.43	0.06566	-0.03481	0.1005
10.44	0.06313	-0.04025	0.1034
10.45	0.06058	-0.04533	0.1059
10.46	0.05765	-0.05002	0.1077
10.47	0.05472	-0.0543	0.109
10.48	0.05234	-0.05814	0.1105
10.49	0.05115	-0.06152	0.1127
10.5	0.05189	-0.06444	0.1163
10.51	0.0548	-0.06686	0.1217
10.52	0.05821	-0.06879	0.127
10.53	0.06	-0.07021	0.1302
10.54	0.05982	-0.07112	0.1309
10.55	0.05904	-0.07151	0.1305
10.56	0.05881	-0.07138	0.1302
10.57	0.05906	-0.07074	0.1298
10.58	0.0594	-0.0696	0.129
10.59	0.05956	-0.06796	0.1275
10.6	0.05937	-0.06583	0.1252
10.61	0.05882	-0.06324	0.1221
10.62	0.05848	-0.0602	0.1187
10.63	0.05901	-0.05673	0.1157
10.64	0.06052	-0.05285	0.1134
10.65	0.06253	-0.0486	0.1111
10.66	0.06435	-0.04399	0.1083
10.67	0.06459	-0.03907	0.1037
10.68	0.06175	-0.03386	0.09561
10.69	0.05632	-0.02839	0.0847
10.7	0.05075	-0.0227	0.07345
10.71	0.04723	-0.01682	0.06405
10.72	0.04644	-0.0108	0.05724
10.73	0.04865	-0.004664	0.05331
10.74	0.05281	0.001545	0.05127
10.75	0.05658	0.007788	0.04879
10.76	0.05828	0.01403	0.04425
10.77	0.05922	0.02023	0.03898
10.78	0.06133	0.02636	0.03497
10.79	0.06486	0.03238	0.03248
10.8	0.06831	0.03825	0.03006
10.81	0.07044	0.04394	0.0265
10.82	0.07133	0.04942	0.0219
10.83	0.07139	0.05466	0.01673
10.84	0.07107	0.05963	0.01144
10.85	0.07086	0.0643	0.006562
10.86	0.0712	0.06865	0.002546
10.87	0.07225	0.07266	-0.0004053
10.88	0.07413	0.0763	-0.002171
10.89	0.07651	0.07957	-0.00306
10.9	0.07863	0.08243	-0.003807
10.91	0.07992	0.08489	-0.00497
10.92	0.08061	0.08693	-0.006323
10.93	0.0811	0.08855	-0.007452
10.94	0.08156	0.08974	-0.008174
10.95	0.08196	0.09049	-0.008532
10.96	0.08218	0.09081	-0.008634
10.97	0.08192	0.09071	-0.008791
10.98	0.08083	0.09018	-0.009349
10.99	0.07897	0.08924	-0.01028
11	0.07674	0.0879	-0.01116
11.01	0.07455	0.08616	-0.01161
11.02	0.07264	0.08405	-0.01141
11.03	0.07119	0.08158	-0.01039
11.04	0.07035	0.07876	-0.00841
11.05	0.07024	0.07563	-0.005386
11.06	0.07077	0.07219	-0.001412
11.07	0.07115	0.06847	0.002684
11.08	0.0704	0.06449	0.005911
11.09	0.06801	0.06028	0.007732
11.1	0.06393	0.05587	0.008065
11.11	0.05835	0.05126	0.007089
11.12	0.05244	0.0465	0.00594
11.13	0.04755	0.04161	0.00594
11.14	0.0438	0.0366	0.007197
11.15	0.04011	0.03151	0.008603
11.16	0.0356	0.02636	0.009246
11.17	0.03038	0.02116	0.009214
11.18	0.02479	0.01594	0.008842
11.19	0.01905	0.01073	0.008319
11.2	0.01322	0.00553	0.007694
11.21	0.007341	0.0003669	0.006974
11.22	0.001277	-0.004746	0.006023
11.23	-0.005111	-0.009794	0.004682
11.24	-0.01173	-0.01477	0.003033
11.25	-0.01826	-0.01965	0.001396
11.26	-0.0244	-0.02445	4.726e-05
11.27	-0.03009	-0.02914	-0.0009543
11.28	-0.03533	-0.03372	-0.001609
11.29	-0.04024	-0.03821	-0.002035
11.3	-0.04505	-0.04258	-0.00247
11.31	-0.05001	-0.04684	-0.003168
11.32	-0.05545	-0.051	-0.004442
11.33	-0.06166	-0.05506	-0.006598
11.34	-0.06841	-0.05903	-0.00938
11.35	-0.07488	-0.0629	-0.01198
11.36	-0.0804	-0.0667	-0.0137
11.37	-0.08479	-0.07042	-0.01437
11.38	-0.08808	-0.07407	-0.01401
11.39	-0.09092	-0.07767	-0.01325
11.4	-0.0946	-0.08123	-0.01337
11.41	-0.1001	-0.08474	-0.01532
11.42	-0.1067	-0.08823	-0.01846
11.43	-0.1135	-0.0917	-0.02183
11.44	-0.1202	-0.09516	-0.02507
11.45	-0.1271	-0.09862	-0.02848
11.46	-0.1343	-0.1021	-0.03223
11.47	-0.1415	-0.1055	-0.03596
11.48	-0.1482	-0.109	-0.03918
11.49	-0.1541	-0.1125	-0.04158
11.5	-0.1591	-0.1161	-0.04309
11.51	-0.1633	-0.1196	-0.04374
11.52	-0.1673	-0.1231	-0.04418
11.53	-0.1719	-0.1267	-0.04516
11.54	-0.1772	-0.1303	-0.04694
11.55	-0.1832	-0.1339	-0.0493
11.56	-0.1893	-0.1375	-0.05187
11.57	-0.1949	-0.1411	-0.0539
11.58	-0.1992	-0.1446	-0.05455
11.59	-0.2022	-0.1481	-0.05406
11.6	-0.2053	-0.1516	-0.05371
11.61	-0.2095	-0.1551	-0.05445
11.62	-0.2143	-0.1584	-0.05585
11.63	-0.2188	-0.1617	-0.05714
11.64	-0.2231	-0.1649	-0.05815
11.65	-0.2273	-0.168	-0.05936
11.66	-0.2321	-0.171	-0.06117
11.67	-0.2375	-0.1738	-0.06366
11.68	-0.2433	-0.1765	-0.0668
11.69	-0.2492	-0.179	-0.0702
11.7	-0.2545	-0.1814	-0.0731
11.71	-0.2585	-0.1836	-0.07491
11.72	-0.2615	-0.1856	-0.07589
11.73	-0.264	-0.1875	-0.0765
11.74	-0.266	-0.1891	-0.0769
11.75	-0.2676	-0.1906	-0.07703
11.76	-0.2686	-0.1918	-0.07682
11.77	-0.2693	-0.1929	-0.07641
11.78	-0.2698	-0.1938	-0.07597
11.79	-0.2702	-0.1945	-0.07568
11.8	-0.2708	-0.1951	-0.07573
11.81	-0.2717	-0.1955	-0.0762
11.82	-0.2724	-0.1957	-0.07671
11.83	-0.2726	-0.1958	-0.0768
11.84	-0.2723	-0.1958	-0.07647
11.85	-0.2719	-0.1957	-0.07623
11.86	-0.272	-0.1955	-0.07647
11.87	-0.2725	-0.1953	-0.0772
11.88	-0.2733	-0.195	-0.07832
11.89	-0.2741	-0.1947	-0.07941
11.9	-0.2742	-0.1944	-0.07982
11.91	-0.2733	-0.1941	-0.07919
11.92	-0.2722	-0.1938	-0.07844
11.93	-0.2724	-0.1936	-0.07877
11.94	-0.2737	-0.1935	-0.08021
11.95	-0.2751	-0.1935	-0.08161
11.96	-0.2757	-0.1935	-0.08212
11.97	-0.2761	-0.1937	-0.08238
11.98	-0.2774	-0.1941	-0.08335
11.99	-0.2795	-0.1946	-0.08491
12	-0.2812	-0.1953	-0.08589
12.01	-0.2814	-0.1961	-0.08535
12.02	-0.2806	-0.1971	-0.08351
12.03	-0.2791	-0.1983	-0.08086
12.04	-0.2774	-0.1996	-0.07773
12.05	-0.2754	-0.2012	-0.07428
12.06	-0.2736	-0.2028	-0.07073
12.07	-0.2723	-0.2047	-0.06764
12.08	-0.2723	-0.2067	-0.06565
12.09	-0.2736	-0.2088	-0.06477
12.1	-0.2756	-0.2111	-0.06446
12.11	-0.2775	-0.2135	-0.06407
12.12	-0.2787	-0.2159	-0.06274
12.13	-0.2781	-0.2185	-0.05964
12.14	-0.2766	-0.221	-0.05551
12.15	-0.2764	-0.2237	-0.0527
12.16	-0.2791	-0.2263	-0.05285
12.17	-0.2834	-0.2289	-0.05445
12.18	-0.2867	-0.2315	-0.05527
12.19	-0.2883	-0.234	-0.05433
12.2	-0.2884	-0.2365	-0.05193
12.21	-0.2875	-0.2388	-0.04865
12.22	-0.287	-0.241	-0.04592
12.23	-0.2885	-0.2431	-0.04532
12.24	-0.2917	-0.2451	-0.04664
12.25	-0.2947	-0.2469	-0.04784
12.26	-0.2958	-0.2485	-0.04732
12.27	-0.2954	-0.2499	-0.04545
12.28	-0.2943	-0.2512	-0.04307
12.29	-0.2928	-0.2522	-0.04057
12.3	-0.2909	-0.253	-0.03783
12.31	-0.2885	-0.2537	-0.03479
12.32	-0.2857	-0.2541	-0.03163
12.33	-0.2829	-0.2543	-0.02862
12.34	-0.2805	-0.2543	-0.02619
12.35	-0.2791	-0.2541	-0.02495
12.36	-0.2789	-0.2538	-0.02512
12.37	-0.2786	-0.2533	-0.02528
12.38	-0.2763	-0.2526	-0.02369
12.39	-0.2725	-0.2518	-0.02072
12.4	-0.2697	-0.2509	-0.01881
12.41	-0.2695	-0.2498	-0.01969
12.42	-0.2705	-0.2487	-0.02183
12.43	-0.2704	-0.2475	-0.02298
12.44	-0.269	-0.2462	-0.02277
12.45	-0.2676	-0.2449	-0.02273
12.46	-0.2674	-0.2435	-0.0239
12.47	-0.2673	-0.2422	-0.02507
12.48	-0.2654	-0.2409	-0.02451
12.49	-0.2613	-0.2395	-0.02172
12.5	-0.2557	-0.2383	-0.01741
12.51	-0.2495	-0.237	-0.01248
12.52	-0.2441	-0.2359	-0.00826
12.53	-0.2409	-0.2347	-0.00617
12.54	-0.2402	-0.2337	-0.006464
12.55	-0.241	-0.2327	-0.008245
12.56	-0.2423	-0.2318	-0.01052
12.57	-0.2431	-0.231	-0.01212
12.58	-0.2421	-0.2302	-0.01184
12.59	-0.2387	-0.2295	-0.009153
12.6	-0.2331	-0.2289	-0.004184
12.61	-0.2256	-0.2283	0.002724
12.62	-0.2173	-0.2278	0.01046
12.63	-0.2096	-0.2273	0.01774
12.64	-0.2031	-0.2268	0.02375
12.65	-0.1981	-0.2263	0.02818
12.66	-0.1948	-0.2258	0.03103
12.67	-0.1917	-0.2253	0.0336
12.68	-0.1873	-0.2247	0.03745
12.69	-0.1817	-0.2241	0.04237
12.7	-0.1769	-0.2234	0.04648
12.71	-0.1741	-0.2226	0.04845
12.72	-0.1721	-0.2216	0.04959
12.73	-0.1688	-0.2206	0.05183
12.74	-0.1638	-0.2194	0.05564
12.75	-0.1581	-0.2181	0.06003
12.76	-0.1524	-0.2166	0.06422
12.77	-0.1464	-0.2149	0.06848
12.78	-0.1397	-0.213	0.0733
12.79	-0.1323	-0.211	0.07868
12.8	-0.1246	-0.2087	0.08409
12.81	-0.1171	-0.2062	0.08911
12.82	-0.1098	-0.2036	0.09377
12.83	-0.1024	-0.2007	0.09824
12.84	-0.09539	-0.1976	0.1022
12.85	-0.08947	-0.1943	0.1048
12.86	-0.08508	-0.1908	0.1057
12.87	-0.08117	-0.1871	0.1059
12.88	-0.07633	-0.1832	0.1069
12.89	-0.07046	-0.1792	0.1087
12.9	-0.06477	-0.175	0.1102
12.91	-0.06011	-0.1706	0.1105
12.92	-0.05575	-0.1661	0.1104
12.93	-0.05057	-0.1615	0.1109
12.94	-0.04436	-0.1568	0.1124
12.95	-0.03777	-0.1519	0.1142
12.96	-0.03137	-0.147	0.1157
12.97	-0.02537	-0.142	0.1167
12.98	-0.01985	-0.137	0.1172
12.99	-0.01498	-0.1319	0.1169
13	-0.01096	-0.1268	0.1159
13.01	-0.007945	-0.1217	0.1138
13.02	-0.006003	-0.1166	0.1106
13.03	-0.005127	-0.1115	0.1064
13.04	-0.004651	-0.1064	0.1017
13.05	-0.003248	-0.1013	0.09807
13.06	3.535e-05	-0.09628	0.09632
13.07	0.004545	-0.09129	0.09583
13.08	0.00923	-0.08634	0.09557
13.09	0.01315	-0.08144	0.09459
13.1	0.01548	-0.07659	0.09207
13.11	0.01572	-0.07179	0.08751
13.12	0.01464	-0.06704	0.08168
13.13	0.01334	-0.06235	0.07568
13.14	0.01271	-0.0577	0.07042
13.15	0.01349	-0.0531	0.06659
13.16	0.01606	-0.04854	0.06459
13.17	0.01946	-0.04402	0.06348
13.18	0.02247	-0.03953	0.062
13.19	0.02411	-0.03507	0.05918
13.2	0.0237	-0.03063	0.05433
13.21	0.02125	-0.02621	0.04745
13.22	0.01945	-0.0218	0.04125
13.23	0.02155	-0.0174	0.03895
13.24	0.02715	-0.013	0.04015
13.25	0.0323	-0.008604	0.0409
13.26	0.03399	-0.004203	0.03819
13.27	0.03374	0.0002049	0.03354
13.28	0.03415	0.004621	0.02952
13.29	0.03618	0.009048	0.02713
13.3	0.03922	0.01348	0.02574
13.31	0.04267	0.01793	0.02474
13.32	0.04624	0.02238	0.02386
13.33	0.04976	0.02684	0.02293
13.34	0.05289	0.03129	0.0216
13.35	0.05515	0.03575	0.0194
13.36	0.05636	0.04019	0.01617
13.37	0.05758	0.04462	0.01296
13.38	0.06012	0.04903	0.01109
13.39	0.06381	0.05341	0.01041
13.4	0.06703	0.05775	0.009284
13.41	0.06865	0.06204	0.006604
13.42	0.06978	0.06628	0.003496
13.43	0.07202	0.07046	0.001565
13.44	0.07497	0.07457	0.000402
13.45	0.07618	0.07859	-0.002416
13.46	0.07381	0.08253	-0.008722
13.47	0.06873	0.08637	-0.01764
13.48	0.06248	0.0901	-0.02762
13.49	0.05677	0.09373	-0.03696
13.5	0.05342	0.09723	-0.04381
13.51	0.05361	0.1006	-0.047
13.52	0.05589	0.1039	-0.04798
13.53	0.05818	0.107	-0.04881
13.54	0.05958	0.11	-0.05039
13.55	0.0603	0.1128	-0.05252
13.56	0.06053	0.1155	-0.05499
13.57	0.06012	0.1181	-0.05796
13.58	0.05885	0.1205	-0.06167
13.59	0.05726	0.1228	-0.06555
13.6	0.05671	0.125	-0.06825
13.61	0.05819	0.127	-0.06879
13.62	0.06122	0.1289	-0.06767
13.63	0.06493	0.1307	-0.06573
13.64	0.06875	0.1323	-0.06357
13.65	0.07238	0.1339	-0.06149
13.66	0.0755	0.1353	-0.05982
13.67	0.0776	0.1367	-0.05906
13.68	0.0782	0.1379	-0.05973
13.69	0.07762	0.1391	-0.06149
13.7	0.07705	0.1402	-0.06316
13.71	0.07741	0.1412	-0.06383
13.72	0.07849	0.1422	-0.06372
13.73	0.0798	0.1431	-0.06333
13.74	0.08089	0.144	-0.0631
13.75	0.0814	0.1448	-0.06342
13.76	0.08113	0.1456	-0.06448
13.77	0.08052	0.1464	-0.06584
13.78	0.08017	0.1471	-0.0669
13.79	0.08	0.1478	-0.06777
13.8	0.07924	0.1484	-0.06919
13.81	0.07744	0.1491	-0.07164
13.82	0.07546	0.1497	-0.07424
13.83	0.07452	0.1503	-0.07578
13.84	0.07558	0.1509	-0.07529
13.85	0.07939	0.1514	-0.07204
13.86	0.08589	0.1519	-0.06606
13.87	0.09195	0.1524	-0.06049
13.88	0.09383	0.1529	-0.05908
13.89	0.0919	0.1533	-0.06143
13.9	0.09067	0.1537	-0.06305
13.91	0.09318	0.1541	-0.06089
13.92	0.09595	0.1544	-0.05841
13.93	0.09411	0.1546	-0.0605
13.94	0.08755	0.1548	-0.06725
13.95	0.08093	0.1549	-0.07401
13.96	0.07813	0.155	-0.07689
13.97	0.079	0.155	-0.07603
13.98	0.08236	0.155	-0.07261
13.99	0.08646	0.1548	-0.06838
14	0.08893	0.1546	-0.06572
14.01	0.08828	0.1544	-0.0661
14.02	0.08668	0.154	-0.06736
14.03	0.08707	0.1536	-0.06655
14.04	0.08989	0.1531	-0.06326
14.05	0.093	0.1526	-0.0596
14.06	0.09458	0.152	-0.0574
14.07	0.0945	0.1513	-0.0568
14.08	0.09305	0.1506	-0.05751
14.09	0.09119	0.1498	-0.05858
14.1	0.09053	0.1489	-0.0584
14.11	0.09209	0.148	-0.05595
14.12	0.09444	0.1471	-0.05268
14.13	0.09557	0.1462	-0.05058
14.14	0.09473	0.1452	-0.05044
14.15	0.09241	0.1442	-0.05176
14.16	0.08919	0.1431	-0.05396
14.17	0.08597	0.1421	-0.05615
14.18	0.08366	0.1411	-0.05743
14.19	0.08233	0.1401	-0.05772
14.2	0.08125	0.139	-0.05778
14.21	0.07957	0.138	-0.05846
14.22	0.0762	0.137	-0.06083
14.23	0.0701	0.1361	-0.06595
14.24	0.06239	0.1351	-0.0727
14.25	0.05633	0.1342	-0.07783
14.26	0.05438	0.1332	-0.07886
14.27	0.05536	0.1323	-0.07697
14.28	0.05723	0.1315	-0.07422
14.29	0.05847	0.1306	-0.07211
14.3	0.0581	0.1297	-0.07161
14.31	0.05555	0.1289	-0.07331
14.32	0.05176	0.128	-0.07624
14.33	0.04801	0.1271	-0.07911
14.34	0.04476	0.1262	-0.08146
14.35	0.04161	0.1253	-0.08369
14.36	0.03832	0.1243	-0.08601
14.37	0.03541	0.1233	-0.0879
14.38	0.03354	0.1222	-0.08869
14.39	0.03253	0.1211	-0.08854
14.4	0.03137	0.1198	-0.08846
14.41	0.02914	0.1185	-0.08934
14.42	0.02559	0.117	-0.09144
14.43	0.02066	0.1154	-0.09479
14.44	0.01524	0.1137	-0.09849
14.45	0.01121	0.1119	-0.1007
14.46	0.009781	0.1098	-0.1001
14.47	0.009438	0.1076	-0.0982
14.48	0.00805	0.1053	-0.09721
14.49	0.005096	0.1027	-0.09759
14.5	0.001667	0.09992	-0.09826
14.51	-0.001389	0.09695	-0.09834
14.52	-0.004469	0.09377	-0.09824
14.53	-0.008251	0.09038	-0.09863
14.54	-0.01271	0.08677	-0.09948
14.55	-0.01712	0.08294	-0.1001
14.56	-0.02106	0.07889	-0.09995
14.57	-0.02551	0.07462	-0.1001
14.58	-0.03174	0.07014	-0.1019
14.59	-0.0397	0.06546	-0.1052
14.6	-0.04806	0.06057	-0.1086
14.61	-0.05555	0.05548	-0.111
14.62	-0.06144	0.05021	-0.1116
14.63	-0.06511	0.04476	-0.1099
14.64	-0.06638	0.03914	-0.1055
14.65	-0.06547	0.03337	-0.09884
14.66	-0.06278	0.02746	-0.09024
14.67	-0.05938	0.02142	-0.0808
14.68	-0.05647	0.01527	-0.07174
14.69	-0.05489	0.009022	-0.06391
14.7	-0.05511	0.002689	-0.0578
14.71	-0.05736	-0.003711	-0.05365
14.72	-0.06105	-0.01016	-0.05089
14.73	-0.0654	-0.01665	-0.04876
14.74	-0.07023	-0.02316	-0.04708
14.75	-0.07593	-0.02967	-0.04626
14.76	-0.08258	-0.03617	-0.04641
14.77	-0.08898	-0.04264	-0.04633
14.78	-0.09361	-0.04908	-0.04453
14.79	-0.09591	-0.05547	-0.04044
14.8	-0.09623	-0.06179	-0.03444
14.81	-0.09518	-0.06804	-0.02715
14.82	-0.09435	-0.0742	-0.02015
14.83	-0.09547	-0.08026	-0.01521
14.84	-0.09838	-0.08622	-0.01216
14.85	-0.101	-0.09207	-0.008965
14.86	-0.1019	-0.09779	-0.004098
14.87	-0.1018	-0.1034	0.001596
14.88	-0.1021	-0.1089	0.006724
14.89	-0.1033	-0.1142	0.01088
14.9	-0.1047	-0.1194	0.01467
14.91	-0.1059	-0.1245	0.01851
14.92	-0.1074	-0.1294	0.02201
14.93	-0.1095	-0.1341	0.02462
14.94	-0.1122	-0.1388	0.02657
14.95	-0.1143	-0.1432	0.02889
14.96	-0.1152	-0.1476	0.03232
14.97	-0.1155	-0.1518	0.03623
14.98	-0.1161	-0.1558	0.03968
14.99	-0.1175	-0.1597	0.04222
15	-0.1195	-0.1635	0.04392
15.01	-0.122	-0.1671	0.04507
15.02	-0.1236	-0.1705	0.04692
15.03	-0.123	-0.1739	0.05084
15.04	-0.1205	-0.1771	0.05657
15.05	-0.118	-0.1801	0.06215
15.06	-0.1169	-0.183	0.06606
15.07	-0.1171	-0.1858	0.06871
15.08	-0.1174	-0.1884	0.07098
15.09	-0.1173	-0.1909	0.0736
15.1	-0.1161	-0.1932	0.07712
15.11	-0.1135	-0.1954	0.08187
15.12	-0.1102	-0.1974	0.08724
15.13	-0.1069	-0.1993	0.09241
15.14	-0.1045	-0.201	0.09651
15.15	-0.1039	-0.2026	0.09866
15.16	-0.1054	-0.2039	0.09852
15.17	-0.1073	-0.2052	0.09789
15.18	-0.1072	-0.2062	0.09901
15.19	-0.1052	-0.2071	0.1019
15.2	-0.1033	-0.2078	0.1045
15.21	-0.1031	-0.2084	0.1053
15.22	-0.1028	-0.2087	0.1059
15.23	-0.1002	-0.2089	0.1087
15.24	-0.09484	-0.2089	0.114
15.25	-0.0882	-0.2087	0.1205
15.26	-0.08172	-0.2083	0.1266
15.27	-0.07608	-0.2077	0.1316
15.28	-0.07177	-0.2069	0.1351
15.29	-0.06848	-0.2059	0.1375
15.3	-0.06511	-0.2048	0.1397
15.31	-0.06091	-0.2034	0.1425
15.32	-0.05644	-0.2019	0.1455
15.33	-0.05261	-0.2002	0.1476
15.34	-0.04972	-0.1983	0.1486
15.35	-0.04742	-0.1962	0.1488
15.36	-0.04531	-0.194	0.1487
15.37	-0.04285	-0.1915	0.1487
15.38	-0.03947	-0.1889	0.1495
15.39	-0.03567	-0.1862	0.1505
15.4	-0.03297	-0.1833	0.1503
15.41	-0.03237	-0.1802	0.1478
15.42	-0.03252	-0.177	0.1444
15.43	-0.03155	-0.1736	0.142
15.44	-0.02873	-0.1701	0.1414
15.45	-0.02447	-0.1664	0.142
15.46	-0.01955	-0.1627	0.1431
15.47	-0.01597	-0.1588	0.1428
15.48	-0.01591	-0.1548	0.1389
15.49	-0.01896	-0.1507	0.1317
15.5	-0.02214	-0.1464	0.1243
15.51	-0.023	-0.1421	0.1191
15.52	-0.0218	-0.1377	0.1159
15.53	-0.01943	-0.1331	0.1137
15.54	-0.0165	-0.1285	0.112
15.55	-0.01334	-0.1238	0.1105
15.56	-0.01005	-0.119	0.109
15.57	-0.006011	-0.1142	0.1082
15.58	-0.0004336	-0.1093	0.1088
15.59	0.006454	-0.1043	0.1107
15.6	0.01342	-0.09926	0.1127
15.61	0.01943	-0.09417	0.1136
15.62	0.02437	-0.08904	0.1134
15.63	0.02839	-0.08386	0.1123
15.64	0.03174	-0.07866	0.1104
15.65	0.03487	-0.07344	0.1083
15.66	0.03811	-0.0682	0.1063
15.67	0.04142	-0.06295	0.1044
15.68	0.0447	-0.05771	0.1024
15.69	0.04809	-0.05248	0.1006
15.7	0.05204	-0.04728	0.09932
15.71	0.05661	-0.04211	0.09872
15.72	0.0605	-0.037	0.09749
15.73	0.06212	-0.03194	0.09406
15.74	0.06176	-0.02696	0.08872
15.75	0.06162	-0.02207	0.08368
15.76	0.06329	-0.01728	0.08057
15.77	0.06574	-0.01261	0.07835
15.78	0.06733	-0.008069	0.0754
15.79	0.06769	-0.003678	0.07136
15.8	0.06768	0.000552	0.06713
15.81	0.06809	0.004606	0.06348
15.82	0.06897	0.008468	0.0605
15.83	0.07023	0.01213	0.0581
15.84	0.07178	0.01557	0.05621
15.85	0.0736	0.01878	0.05482
15.86	0.07564	0.02175	0.05389
15.87	0.07795	0.02447	0.05348
15.88	0.08061	0.02693	0.05367
15.89	0.08378	0.02912	0.05466
15.9	0.08779	0.03104	0.05675
15.91	0.09253	0.03268	0.05985
15.92	0.09626	0.03404	0.06222
15.93	0.09691	0.03512	0.06179
15.94	0.0943	0.03592	0.05837
15.95	0.09011	0.03644	0.05366
15.96	0.08597	0.03669	0.04928
15.97	0.08287	0.03668	0.04619
15.98	0.08164	0.03641	0.04524
15.99	0.08312	0.03589	0.04724
16	0.08814	0.03514	0.05301
