0.5	-0.9152	1.322	-2.237
0.51	-0.8631	1.273	-2.136
0.52	-0.8109	1.226	-2.037
0.53	-0.7585	1.18	-1.938
0.54	-0.7053	1.135	-1.841
0.55	-0.6509	1.093	-1.744
0.56	-0.595	1.052	-1.647
0.57	-0.5378	1.012	-1.55
0.58	-0.4794	0.9745	-1.454
0.59	-0.42	0.9386	-1.359
0.6	-0.3597	0.9045	-1.264
0.61	-0.2986	0.8721	-1.171
0.62	-0.2371	0.8414	-1.079
0.63	-0.1751	0.8125	-0.9876
0.64	-0.1128	0.7852	-0.898
0.65	-0.05021	0.7595	-0.8097
0.66	0.01269	0.7353	-0.7226
0.67	0.07588	0.7127	-0.6368
0.68	0.1393	0.6915	-0.5521
0.69	0.2028	0.6716	-0.4687
0.7	0.266	0.653	-0.3869
0.71	0.3286	0.6356	-0.307
0.72	0.3903	0.6194	-0.2291
0.73	0.4509	0.6043	-0.1534
0.74	0.5103	0.5901	-0.07985
0.75	0.5683	0.5769	-0.008649
0.76	0.6246	0.5646	0.06004
0.77	0.6788	0.5531	0.1257
0.78	0.7301	0.5423	0.1878
0.79	0.7782	0.5323	0.2459
0.8	0.8231	0.5229	0.3002
0.81	0.8646	0.5141	0.3505
0.82	0.9027	0.5058	0.3969
0.83	0.9371	0.4981	0.4391
0.84	0.9678	0.4908	0.477
0.85	0.9943	0.4839	0.5104
0.86	1.017	0.4774	0.5392
0.87	1.035	0.4713	0.5633
0.88	1.048	0.4655	0.5827
0.89	1.058	0.46	0.5979
0.9	1.064	0.4547	0.6095
0.91	1.068	0.4496	0.6183
0.92	1.07	0.4447	0.6249
0.93	1.07	0.44	0.6298
0.94	1.069	0.4354	0.6332
0.95	1.066	0.4309	0.6353
0.96	1.062	0.4265	0.6359
0.97	1.057	0.4221	0.6352
0.98	1.052	0.4177	0.6338
0.99	1.046	0.4133	0.6323
1	1.041	0.4088	0.6321
1.01	1.039	0.4043	0.6344
1.02	1.04	0.3996	0.6407
1.03	1.047	0.3947	0.652
1.04	1.059	0.3897	0.6695
1.05	1.078	0.3845	0.6937
1.06	1.104	0.379	0.7253
1.07	1.139	0.3732	0.7653
1.08	1.182	0.3671	0.8144
1.09	1.235	0.3608	0.8738
1.1	1.299	0.354	0.9446
1.11	1.375	0.3469	1.028
1.12	1.467	0.3394	1.127
1.13	1.575	0.3315	1.244
1.14	1.702	0.3232	1.379
1.15	1.849	0.3144	1.534
1.16	2.016	0.3053	1.711
1.17	2.203	0.2956	1.908
1.18	2.41	0.2856	2.124
1.19	2.632	0.2751	2.357
1.2	2.865	0.2642	2.601
1.21	3.103	0.2528	2.85
1.22	3.339	0.2411	3.098
1.23	3.563	0.2289	3.334
1.24	3.765	0.2164	3.549
1.25	3.933	0.2035	3.729
1.26	4.055	0.1903	3.865
1.27	4.124	0.1768	3.947
1.28	4.133	0.163	3.97
1.29	4.078	0.149	3.929
1.3	3.961	0.1347	3.826
1.31	3.785	0.1203	3.665
1.32	3.56	0.1056	3.455
1.33	3.301	0.0909	3.211
1.34	3.021	0.07606	2.944
1.35	2.73	0.06115	2.669
1.36	2.44	0.0462	2.394
1.37	2.159	0.03124	2.127
1.38	1.89	0.01629	1.874
1.39	1.638	0.001392	1.637
1.4	1.404	-0.01345	1.418
1.41	1.189	-0.0282	1.217
1.42	0.9921	-0.04284	1.035
1.43	0.8129	-0.05736	0.8702
1.44	0.6508	-0.07174	0.7226
1.45	0.5053	-0.08596	0.5912
1.46	0.3752	-0.1	0.4753
1.47	0.2593	-0.1139	0.3732
1.48	0.1557	-0.1276	0.2833
1.49	0.06289	-0.1411	0.204
1.5	-0.02061	-0.1545	0.1339
1.51	-0.09621	-0.1676	0.0714
1.52	-0.1649	-0.1806	0.01565
1.53	-0.2276	-0.1933	-0.03431
1.54	-0.2852	-0.2059	-0.07928
1.55	-0.3383	-0.2183	-0.12
1.56	-0.3876	-0.2305	-0.1571
1.57	-0.4334	-0.2425	-0.1909
1.58	-0.4761	-0.2543	-0.2217
1.59	-0.5157	-0.266	-0.2497
1.6	-0.5524	-0.2775	-0.2749
1.61	-0.5862	-0.2889	-0.2973
1.62	-0.6172	-0.3	-0.3171
1.63	-0.6454	-0.311	-0.3344
1.64	-0.6712	-0.3219	-0.3493
1.65	-0.695	-0.3325	-0.3624
1.66	-0.7171	-0.343	-0.3741
1.67	-0.7376	-0.3533	-0.3843
1.68	-0.7563	-0.3635	-0.3929
1.69	-0.7732	-0.3734	-0.3998
1.7	-0.7881	-0.3831	-0.405
1.71	-0.801	-0.3926	-0.4084
1.72	-0.8122	-0.4019	-0.4103
1.73	-0.8219	-0.4109	-0.4109
1.74	-0.8304	-0.4197	-0.4107
1.75	-0.8378	-0.4282	-0.4096
1.76	-0.844	-0.4364	-0.4076
1.77	-0.8488	-0.4443	-0.4045
1.78	-0.8519	-0.4519	-0.4
1.79	-0.8532	-0.4591	-0.394
1.8	-0.8524	-0.466	-0.3864
1.81	-0.8495	-0.4725	-0.377
1.82	-0.8446	-0.4785	-0.366
1.83	-0.8378	-0.4841	-0.3536
1.84	-0.8292	-0.4893	-0.3398
1.85	-0.8189	-0.4941	-0.3249
1.86	-0.8072	-0.4983	-0.3089
1.87	-0.7939	-0.5021	-0.2919
1.88	-0.7794	-0.5053	-0.2741
1.89	-0.7635	-0.5081	-0.2554
1.9	-0.7462	-0.5103	-0.2359
1.91	-0.7273	-0.5119	-0.2154
1.92	-0.707	-0.5131	-0.1939
1.93	-0.6852	-0.5137	-0.1715
1.94	-0.662	-0.5137	-0.1482
1.95	-0.6374	-0.5132	-0.1242
1.96	-0.6116	-0.5122	-0.09939
1.97	-0.5847	-0.5106	-0.07408
1.98	-0.557	-0.5085	-0.04848
1.99	-0.5287	-0.5059	-0.02281
2	-0.5	-0.5028	0.002788
2.01	-0.4711	-0.4992	0.02813
2.02	-0.4421	-0.4951	0.053
2.03	-0.4134	-0.4905	0.07718
2.04	-0.385	-0.4856	0.1005
2.05	-0.3572	-0.4801	0.123
2.06	-0.3299	-0.4743	0.1444
2.07	-0.3036	-0.4681	0.1645
2.08	-0.2785	-0.4616	0.1831
2.09	-0.255	-0.4547	0.1997
2.1	-0.2333	-0.4475	0.2142
2.11	-0.2138	-0.44	0.2262
2.12	-0.1964	-0.4323	0.2359
2.13	-0.1809	-0.4243	0.2435
2.14	-0.167	-0.4162	0.2491
2.15	-0.1544	-0.4078	0.2534
2.16	-0.1429	-0.3992	0.2564
2.17	-0.1325	-0.3906	0.2581
2.18	-0.1237	-0.3818	0.258
2.19	-0.1167	-0.3729	0.2562
2.2	-0.1113	-0.3639	0.2526
2.21	-0.1077	-0.3548	0.2472
2.22	-0.1053	-0.3457	0.2404
2.23	-0.104	-0.3366	0.2326
2.24	-0.1033	-0.3274	0.2241
2.25	-0.1032	-0.3183	0.2151
2.26	-0.1036	-0.3091	0.2055
2.27	-0.1044	-0.3	0.1956
2.28	-0.1052	-0.2909	0.1857
2.29	-0.1059	-0.2818	0.1758
2.3	-0.1064	-0.2727	0.1663
2.31	-0.1063	-0.2637	0.1574
2.32	-0.1056	-0.2547	0.1491
2.33	-0.1043	-0.2458	0.1415
2.34	-0.1022	-0.2369	0.1347
2.35	-0.09948	-0.2281	0.1286
2.36	-0.09617	-0.2193	0.1231
2.37	-0.09228	-0.2106	0.1183
2.38	-0.08781	-0.2019	0.1141
2.39	-0.08273	-0.1933	0.1105
2.4	-0.07693	-0.1847	0.1078
2.41	-0.07031	-0.1762	0.1059
2.42	-0.06269	-0.1677	0.105
2.43	-0.0539	-0.1593	0.1054
2.44	-0.04387	-0.151	0.1071
2.45	-0.03263	-0.1427	0.11
2.46	-0.0202	-0.1344	0.1142
2.47	-0.006498	-0.1263	0.1198
2.48	0.008566	-0.1182	0.1267
2.49	0.02494	-0.1101	0.1351
2.5	0.04241	-0.1022	0.1446
2.51	0.06078	-0.09433	0.1551
2.52	0.07983	-0.08656	0.1664
2.53	0.09936	-0.0789	0.1783
2.54	0.1192	-0.07134	0.1905
2.55	0.1392	-0.06391	0.2031
2.56	0.1593	-0.05661	0.2159
2.57	0.1793	-0.04945	0.2287
2.58	0.1991	-0.04244	0.2416
2.59	0.2187	-0.0356	0.2543
2.6	0.2377	-0.02894	0.2667
2.61	0.2562	-0.02247	0.2786
2.62	0.274	-0.0162	0.2902
2.63	0.2912	-0.01014	0.3013
2.64	0.3077	-0.004318	0.312
2.65	0.3237	0.001269	0.3225
2.66	0.3393	0.006606	0.3326
2.67	0.3544	0.01168	0.3427
2.68	0.3693	0.01649	0.3528
2.69	0.3838	0.02102	0.3628
2.7	0.3979	0.02526	0.3727
2.71	0.4114	0.02921	0.3822
2.72	0.424	0.03286	0.3912
2.73	0.4356	0.03621	0.3994
2.74	0.446	0.03926	0.4068
2.75	0.4556	0.042	0.4136
2.76	0.4644	0.04444	0.42
2.77	0.4726	0.04657	0.4261
2.78	0.4804	0.0484	0.432
2.79	0.4877	0.04994	0.4378
2.8	0.4944	0.05118	0.4432
2.81	0.5002	0.05214	0.4481
2.82	0.5051	0.05283	0.4523
2.83	0.509	0.05325	0.4558
2.84	0.5118	0.05341	0.4584
2.85	0.5137	0.05332	0.4604
2.86	0.5148	0.053	0.4618
2.87	0.5155	0.05245	0.4631
2.88	0.5163	0.05169	0.4646
2.89	0.5171	0.05072	0.4664
2.9	0.5177	0.04956	0.4682
2.91	0.5179	0.04822	0.4696
2.92	0.5175	0.0467	0.4708
2.93	0.5166	0.04502	0.4716
2.94	0.5153	0.04319	0.4721
2.95	0.5137	0.0412	0.4725
2.96	0.5118	0.03907	0.4727
2.97	0.5096	0.03679	0.4728
2.98	0.5069	0.03438	0.4725
2.99	0.5036	0.03183	0.4718
3	0.4993	0.02914	0.4701
3.01	0.4938	0.0263	0.4675
3.02	0.4871	0.02332	0.4638
3.03	0.4792	0.02019	0.459
3.04	0.4703	0.01689	0.4534
3.05	0.4605	0.01342	0.4471
3.06	0.4501	0.009768	0.4403
3.07	0.439	0.005921	0.4331
3.08	0.4271	0.001866	0.4253
3.09	0.4145	-0.002412	0.4169
3.1	0.4012	-0.006929	0.4082
3.11	0.3873	-0.0117	0.399
3.12	0.3727	-0.01674	0.3895
3.13	0.3575	-0.02206	0.3795
3.14	0.3414	-0.02769	0.3691
3.15	0.3246	-0.03363	0.3582
3.16	0.3068	-0.0399	0.3467
3.17	0.2883	-0.04651	0.3348
3.18	0.2692	-0.05348	0.3227
3.19	0.2498	-0.0608	0.3106
3.2	0.2303	-0.0685	0.2988
3.21	0.2108	-0.07656	0.2873
3.22	0.191	-0.08501	0.276
3.23	0.1708	-0.09383	0.2646
3.24	0.1498	-0.103	0.2528
3.25	0.128	-0.1126	0.2405
3.26	0.1052	-0.1225	0.2277
3.27	0.08187	-0.1327	0.2146
3.28	0.0581	-0.1433	0.2014
3.29	0.03415	-0.1542	0.1883
3.3	0.01016	-0.1653	0.1755
3.31	-0.01376	-0.1767	0.163
3.32	-0.0376	-0.1884	0.1508
3.33	-0.06133	-0.2002	0.1389
3.34	-0.08499	-0.2122	0.1272
3.35	-0.1087	-0.2243	0.1157
3.36	-0.1323	-0.2366	0.1042
3.37	-0.1559	-0.2488	0.09291
3.38	-0.1791	-0.2611	0.08195
3.39	-0.2019	-0.2733	0.07143
3.4	-0.224	-0.2854	0.0614
3.41	-0.2456	-0.2974	0.05188
3.42	-0.2664	-0.3093	0.04286
3.43	-0.2866	-0.3209	0.03431
3.44	-0.3062	-0.3323	0.02612
3.45	-0.3253	-0.3434	0.01813
3.46	-0.3439	-0.3542	0.01024
3.47	-0.3619	-0.3646	0.00272
3.48	-0.3787	-0.3746	-0.004086
3.49	-0.3943	-0.3842	-0.01011
3.5	-0.4089	-0.3934	-0.01556
3.51	-0.4227	-0.402	-0.02062
3.52	-0.4356	-0.4102	-0.02533
3.53	-0.4476	-0.4179	-0.02969
3.54	-0.4589	-0.4251	-0.03383
3.55	-0.4698	-0.4317	-0.03804
3.56	-0.4803	-0.4379	-0.04249
3.57	-0.4905	-0.4435	-0.04705
3.58	-0.5	-0.4485	-0.05149
3.59	-0.5089	-0.4531	-0.05574
3.6	-0.5171	-0.4572	-0.05989
3.61	-0.5248	-0.4608	-0.064
3.62	-0.5321	-0.464	-0.06807
3.63	-0.5389	-0.4667	-0.07213
3.64	-0.5452	-0.4691	-0.07609
3.65	-0.5508	-0.471	-0.07981
3.66	-0.5558	-0.4726	-0.08319
3.67	-0.5603	-0.4739	-0.08634
3.68	-0.5644	-0.4749	-0.08944
3.69	-0.5683	-0.4757	-0.09255
3.7	-0.572	-0.4762	-0.09572
3.71	-0.5755	-0.4766	-0.09892
3.72	-0.5788	-0.4768	-0.1019
3.73	-0.5815	-0.4769	-0.1046
3.74	-0.5837	-0.4769	-0.1068
3.75	-0.5857	-0.4769	-0.1089
3.76	-0.5877	-0.4768	-0.1109
3.77	-0.5895	-0.4767	-0.1128
3.78	-0.591	-0.4766	-0.1145
3.79	-0.5924	-0.4765	-0.1159
3.8	-0.5937	-0.4765	-0.1172
3.81	-0.5949	-0.4765	-0.1185
3.82	-0.5961	-0.4766	-0.1195
3.83	-0.5969	-0.4767	-0.1202
3.84	-0.5973	-0.4769	-0.1205
3.85	-0.5973	-0.4771	-0.1202
3.86	-0.597	-0.4775	-0.1195
3.87	-0.5964	-0.4778	-0.1186
3.88	-0.5958	-0.4782	-0.1176
3.89	-0.5955	-0.4786	-0.1168
3.9	-0.5956	-0.4791	-0.1165
3.91	-0.5963	-0.4795	-0.1168
3.92	-0.5971	-0.4799	-0.1172
3.93	-0.5976	-0.4802	-0.1174
3.94	-0.5976	-0.4805	-0.1172
3.95	-0.5974	-0.4806	-0.1168
3.96	-0.5971	-0.4806	-0.1165
3.97	-0.5969	-0.4805	-0.1164
3.98	-0.597	-0.4803	-0.1167
3.99	-0.5972	-0.4798	-0.1174
4	-0.5973	-0.4791	-0.1182
4.01	-0.5972	-0.4782	-0.119
4.02	-0.5968	-0.4771	-0.1197
4.03	-0.5961	-0.4757	-0.1204
4.04	-0.595	-0.4741	-0.121
4.05	-0.5937	-0.4721	-0.1216
4.06	-0.5923	-0.4699	-0.1224
4.07	-0.5907	-0.4674	-0.1233
4.08	-0.589	-0.4645	-0.1245
4.09	-0.5871	-0.4614	-0.1257
4.1	-0.5848	-0.458	-0.1268
4.11	-0.5821	-0.4543	-0.1278
4.12	-0.5792	-0.4503	-0.1289
4.13	-0.5763	-0.446	-0.1302
4.14	-0.5735	-0.4415	-0.1319
4.15	-0.5703	-0.4367	-0.1336
4.16	-0.5666	-0.4317	-0.1349
4.17	-0.5625	-0.4265	-0.136
4.18	-0.5584	-0.421	-0.1374
4.19	-0.5543	-0.4154	-0.1389
4.2	-0.5499	-0.4095	-0.1404
4.21	-0.5452	-0.4035	-0.1416
4.22	-0.5398	-0.3974	-0.1424
4.23	-0.5337	-0.3911	-0.1426
4.24	-0.527	-0.3847	-0.1423
4.25	-0.5198	-0.3783	-0.1416
4.26	-0.5122	-0.3717	-0.1406
4.27	-0.5044	-0.365	-0.1394
4.28	-0.4963	-0.3582	-0.1381
4.29	-0.4881	-0.3514	-0.1367
4.3	-0.4797	-0.3445	-0.1353
4.31	-0.4713	-0.3375	-0.1338
4.32	-0.4625	-0.3304	-0.1321
4.33	-0.4533	-0.3232	-0.1301
4.34	-0.4438	-0.316	-0.1278
4.35	-0.4341	-0.3086	-0.1255
4.36	-0.4244	-0.3011	-0.1233
4.37	-0.4142	-0.2935	-0.1208
4.38	-0.4031	-0.2857	-0.1174
4.39	-0.391	-0.2777	-0.1132
4.4	-0.3782	-0.2696	-0.1086
4.41	-0.3652	-0.2612	-0.104
4.42	-0.3522	-0.2526	-0.09955
4.43	-0.3392	-0.2438	-0.09543
4.44	-0.3261	-0.2346	-0.09151
4.45	-0.3126	-0.2252	-0.08741
4.46	-0.2982	-0.2154	-0.08285
4.47	-0.2832	-0.2052	-0.07803
4.48	-0.2679	-0.1947	-0.07323
4.49	-0.2523	-0.1837	-0.06862
4.5	-0.2366	-0.1724	-0.06424
4.51	-0.2206	-0.1606	-0.06007
4.52	-0.2043	-0.1483	-0.05601
4.53	-0.1875	-0.1356	-0.05192
4.54	-0.1701	-0.1224	-0.04774
4.55	-0.1521	-0.1087	-0.0434
4.56	-0.1334	-0.09451	-0.03893
4.57	-0.1144	-0.07985	-0.03453
4.58	-0.09516	-0.06469	-0.03047
4.59	-0.07589	-0.04905	-0.02684
4.6	-0.05652	-0.03293	-0.02358
4.61	-0.03705	-0.01635	-0.0207
4.62	-0.01773	0.0006833	-0.01841
4.63	0.001155	0.01815	-0.017
4.64	0.01966	0.03604	-0.01638
4.65	0.03819	0.05431	-0.01612
4.66	0.05706	0.07295	-0.01589
4.67	0.07621	0.09194	-0.01572
4.68	0.09549	0.1112	-0.01574
4.69	0.115	0.1308	-0.01582
4.7	0.1351	0.1506	-0.01555
4.71	0.1559	0.1706	-0.01472
4.72	0.177	0.1909	-0.01382
4.73	0.1977	0.2112	-0.0135
4.74	0.2177	0.2317	-0.01399
4.75	0.2371	0.2522	-0.01506
4.76	0.2563	0.2727	-0.01644
4.77	0.2754	0.2933	-0.01783
4.78	0.2949	0.3138	-0.0189
4.79	0.3146	0.3342	-0.01955
4.8	0.3345	0.3545	-0.01997
4.81	0.3544	0.3746	-0.02028
4.82	0.3743	0.3946	-0.02034
4.83	0.3944	0.4144	-0.01999
4.84	0.4146	0.4339	-0.01931
4.85	0.4345	0.4531	-0.01859
4.86	0.4539	0.4721	-0.01814
4.87	0.4725	0.4907	-0.01817
4.88	0.4901	0.5089	-0.01887
4.89	0.5068	0.5268	-0.02002
4.9	0.5232	0.5443	-0.02107
4.91	0.5397	0.5613	-0.0216
4.92	0.556	0.5779	-0.02188
4.93	0.5717	0.594	-0.02233
4.94	0.5866	0.6096	-0.023
4.95	0.6012	0.6248	-0.02355
4.96	0.6157	0.6394	-0.0237
4.97	0.6301	0.6535	-0.02339
4.98	0.6444	0.667	-0.02261
4.99	0.6586	0.6799	-0.02136
5	0.6726	0.6923	-0.01966
5.01	0.6865	0.7041	-0.01755
5.02	0.7001	0.7152	-0.01515
5.03	0.7131	0.7258	-0.01265
5.04	0.7252	0.7356	-0.01039
5.05	0.7359	0.7449	-0.008939
5.06	0.7447	0.7534	-0.008677
5.07	0.752	0.7613	-0.009261
5.08	0.7583	0.7685	-0.01018
5.09	0.7638	0.775	-0.01115
5.1	0.7686	0.7807	-0.01212
5.11	0.7727	0.7857	-0.01308
5.12	0.7759	0.79	-0.01412
5.13	0.7782	0.7935	-0.01535
5.14	0.7798	0.7963	-0.01653
5.15	0.7812	0.7983	-0.01706
5.16	0.7829	0.7995	-0.01655
5.17	0.7844	0.7999	-0.01548
5.18	0.785	0.7995	-0.01453
5.19	0.7842	0.7983	-0.01413
5.2	0.7819	0.7963	-0.01443
5.21	0.7781	0.7935	-0.01544
5.22	0.7731	0.7899	-0.01686
5.23	0.7673	0.7855	-0.01825
5.24	0.7608	0.7803	-0.01948
5.25	0.7536	0.7743	-0.02065
5.26	0.7456	0.7675	-0.02188
5.27	0.7367	0.7599	-0.02316
5.28	0.7271	0.7515	-0.02448
5.29	0.7166	0.7424	-0.02582
5.3	0.7054	0.7326	-0.02714
5.31	0.6936	0.722	-0.02838
5.32	0.6814	0.7107	-0.02932
5.33	0.669	0.6987	-0.02971
5.34	0.6564	0.6861	-0.02967
5.35	0.6432	0.6728	-0.02967
5.36	0.6289	0.6589	-0.03007
5.37	0.6137	0.6445	-0.0308
5.38	0.5978	0.6295	-0.03167
5.39	0.5814	0.6139	-0.03251
5.4	0.5647	0.5979	-0.03314
5.41	0.5479	0.5814	-0.03347
5.42	0.5308	0.5644	-0.03362
5.43	0.5133	0.5471	-0.03378
5.44	0.4954	0.5294	-0.03399
5.45	0.4773	0.5114	-0.03416
5.46	0.4589	0.4931	-0.03424
5.47	0.4402	0.4746	-0.0344
5.48	0.421	0.4558	-0.03485
5.49	0.4013	0.4369	-0.03559
5.5	0.3814	0.4178	-0.03641
5.51	0.3615	0.3987	-0.03712
5.52	0.3417	0.3794	-0.0377
5.53	0.322	0.3601	-0.03818
5.54	0.3021	0.3408	-0.03874
5.55	0.2818	0.3216	-0.03977
5.56	0.2609	0.3024	-0.04149
5.57	0.2399	0.2833	-0.04343
5.58	0.2193	0.2643	-0.04499
5.59	0.1995	0.2455	-0.04598
5.6	0.1802	0.2269	-0.04668
5.61	0.1612	0.2084	-0.04723
5.62	0.143	0.1902	-0.04728
5.63	0.126	0.1723	-0.04634
5.64	0.1101	0.1547	-0.04459
5.65	0.09457	0.1374	-0.0428
5.66	0.07875	0.1204	-0.04163
5.67	0.06272	0.1037	-0.04102
5.68	0.04671	0.08749	-0.04079
5.69	0.03062	0.07163	-0.04101
5.7	0.01407	0.05618	-0.04211
5.71	-0.00313	0.04117	-0.0443
5.72	-0.02033	0.0266	-0.04692
5.73	-0.03669	0.01248	-0.04917
5.74	-0.05199	-0.001157	-0.05083
5.75	-0.06663	-0.01431	-0.05232
5.76	-0.08094	-0.02697	-0.05396
5.77	-0.09481	-0.03913	-0.05568
5.78	-0.108	-0.05078	-0.05726
5.79	-0.1206	-0.06191	-0.05865
5.8	-0.1324	-0.07252	-0.05992
5.81	-0.1437	-0.0826	-0.06111
5.82	-0.1543	-0.09216	-0.06212
5.83	-0.164	-0.1012	-0.06282
5.84	-0.1729	-0.1097	-0.06321
5.85	-0.1811	-0.1177	-0.0634
5.86	-0.1887	-0.1251	-0.06353
5.87	-0.196	-0.1321	-0.06385
5.88	-0.2032	-0.1386	-0.06459
5.89	-0.2101	-0.1445	-0.06559
5.9	-0.2162	-0.15	-0.06619
5.91	-0.221	-0.1551	-0.06594
5.92	-0.2249	-0.1596	-0.06524
5.93	-0.2285	-0.1638	-0.06465
5.94	-0.2317	-0.1675	-0.0642
5.95	-0.2343	-0.1709	-0.06338
5.96	-0.2357	-0.1739	-0.06184
5.97	-0.2365	-0.1765	-0.05999
5.98	-0.2372	-0.1788	-0.05837
5.99	-0.2381	-0.1808	-0.05722
6	-0.239	-0.1826	-0.05638
6.01	-0.2398	-0.1841	-0.05575
6.02	-0.2409	-0.1854	-0.05549
6.03	-0.2423	-0.1865	-0.05578
6.04	-0.2442	-0.1875	-0.05669
6.05	-0.2464	-0.1883	-0.05811
6.06	-0.249	-0.1891	-0.05995
6.07	-0.2518	-0.1898	-0.06208
6.08	-0.2548	-0.1904	-0.06437
6.09	-0.2577	-0.1911	-0.06664
6.1	-0.2604	-0.1917	-0.06863
6.11	-0.2626	-0.1925	-0.07012
6.12	-0.2644	-0.1933	-0.07116
6.13	-0.266	-0.1942	-0.07184
6.14	-0.2675	-0.1952	-0.07222
6.15	-0.2688	-0.1965	-0.07235
6.16	-0.2701	-0.1978	-0.07231
6.17	-0.2718	-0.1994	-0.07244
6.18	-0.2743	-0.2012	-0.07311
6.19	-0.2774	-0.2032	-0.07418
6.2	-0.2804	-0.2055	-0.07499
6.21	-0.2831	-0.208	-0.07514
6.22	-0.286	-0.2107	-0.07531
6.23	-0.2902	-0.2138	-0.0764
6.24	-0.2954	-0.2171	-0.07827
6.25	-0.3004	-0.2207	-0.07973
6.26	-0.3044	-0.2246	-0.07987
6.27	-0.3077	-0.2287	-0.07904
6.28	-0.311	-0.2331	-0.07787
6.29	-0.3144	-0.2378	-0.07661
6.3	-0.3178	-0.2428	-0.07506
6.31	-0.3211	-0.248	-0.07313
6.32	-0.3246	-0.2534	-0.07116
6.33	-0.3287	-0.2591	-0.0696
6.34	-0.3335	-0.2649	-0.06855
6.35	-0.3387	-0.271	-0.06771
6.36	-0.3441	-0.2773	-0.06689
6.37	-0.3499	-0.2836	-0.06628
6.38	-0.3564	-0.2902	-0.06617
6.39	-0.3632	-0.2968	-0.06632
6.4	-0.3696	-0.3036	-0.06604
6.41	-0.3752	-0.3104	-0.06479
6.42	-0.3802	-0.3173	-0.06288
6.43	-0.385	-0.3242	-0.06084
6.44	-0.39	-0.3311	-0.0589
6.45	-0.3951	-0.338	-0.0571
6.46	-0.4002	-0.3448	-0.05544
6.47	-0.4056	-0.3516	-0.05402
6.48	-0.4112	-0.3583	-0.05295
6.49	-0.4171	-0.3649	-0.05221
6.5	-0.4231	-0.3714	-0.05168
6.51	-0.4289	-0.3777	-0.05121
6.52	-0.4345	-0.3839	-0.05056
6.53	-0.4394	-0.3899	-0.04948
6.54	-0.4438	-0.3957	-0.04812
6.55	-0.4483	-0.4013	-0.047
6.56	-0.4532	-0.4067	-0.04655
6.57	-0.4585	-0.4118	-0.0467
6.58	-0.4639	-0.4167	-0.04723
6.59	-0.4693	-0.4213	-0.04798
6.6	-0.4744	-0.4256	-0.04877
6.61	-0.4792	-0.4297	-0.04947
6.62	-0.4837	-0.4335	-0.0502
6.63	-0.488	-0.4369	-0.05107
6.64	-0.4923	-0.4401	-0.05216
6.65	-0.4964	-0.443	-0.05343
6.66	-0.5004	-0.4456	-0.05481
6.67	-0.5038	-0.4478	-0.05599
6.68	-0.5064	-0.4498	-0.05665
6.69	-0.508	-0.4514	-0.05661
6.7	-0.5086	-0.4527	-0.05592
6.71	-0.5083	-0.4537	-0.05467
6.72	-0.5077	-0.4543	-0.05336
6.73	-0.5072	-0.4547	-0.05253
6.74	-0.5068	-0.4547	-0.05211
6.75	-0.5059	-0.4544	-0.05142
6.76	-0.5038	-0.4538	-0.04998
6.77	-0.5011	-0.4529	-0.04818
6.78	-0.4984	-0.4517	-0.04665
6.79	-0.4955	-0.4502	-0.04537
6.8	-0.492	-0.4483	-0.0437
6.81	-0.4873	-0.4462	-0.04115
6.82	-0.4816	-0.4437	-0.03782
6.83	-0.475	-0.441	-0.03402
6.84	-0.4679	-0.4379	-0.03004
6.85	-0.4607	-0.4345	-0.02618
6.86	-0.4536	-0.4309	-0.02276
6.87	-0.4469	-0.4269	-0.02001
6.88	-0.4408	-0.4226	-0.01816
6.89	-0.4351	-0.418	-0.0171
6.9	-0.4295	-0.4131	-0.01635
6.91	-0.4235	-0.408	-0.01551
6.92	-0.417	-0.4025	-0.01451
6.93	-0.4101	-0.3967	-0.01339
6.94	-0.4028	-0.3906	-0.01216
6.95	-0.3951	-0.3842	-0.0109
6.96	-0.3872	-0.3776	-0.009642
6.97	-0.3789	-0.3706	-0.008361
6.98	-0.3704	-0.3633	-0.007022
6.99	-0.3615	-0.3558	-0.005717
7	-0.3526	-0.348	-0.004667
7.01	-0.3439	-0.3399	-0.004033
7.02	-0.3352	-0.3315	-0.003722
7.03	-0.3264	-0.3229	-0.003571
7.04	-0.3173	-0.314	-0.003271
7.05	-0.3072	-0.3049	-0.002369
7.06	-0.2961	-0.2955	-0.0006413
7.07	-0.2847	-0.2859	0.001195
7.08	-0.2739	-0.2761	0.002222
7.09	-0.2638	-0.2661	0.00229
7.1	-0.254	-0.256	0.002014
7.11	-0.2438	-0.2457	0.001919
7.12	-0.2332	-0.2352	0.002018
7.13	-0.2225	-0.2247	0.002202
7.14	-0.2115	-0.214	0.002481
7.15	-0.2003	-0.2033	0.002983
7.16	-0.1887	-0.1925	0.003774
7.17	-0.177	-0.1817	0.00466
7.18	-0.1655	-0.1709	0.005381
7.19	-0.1544	-0.1601	0.005722
7.2	-0.1439	-0.1494	0.005508
7.21	-0.1341	-0.1388	0.004709
7.22	-0.1245	-0.1283	0.003857
7.23	-0.1144	-0.118	0.003607
7.24	-0.1036	-0.1078	0.004246
7.25	-0.09218	-0.09787	0.005689
7.26	-0.08038	-0.08814	0.007758
7.27	-0.0687	-0.07868	0.009976
7.28	-0.0577	-0.0695	0.0118
7.29	-0.04781	-0.06064	0.01283
7.3	-0.03927	-0.05212	0.01285
7.31	-0.0321	-0.04396	0.01185
7.32	-0.02534	-0.03618	0.01084
7.33	-0.01783	-0.02881	0.01099
7.34	-0.009633	-0.02187	0.01224
7.35	-0.002046	-0.01537	0.01332
7.36	0.003934	-0.009314	0.01325
7.37	0.008699	-0.003728	0.01243
7.38	0.01298	0.001383	0.01159
7.39	0.01726	0.006013	0.01124
7.4	0.02178	0.01016	0.01162
7.41	0.02667	0.01381	0.01285
7.42	0.03163	0.01698	0.01465
7.43	0.03629	0.01967	0.01662
7.44	0.04027	0.02188	0.01839
7.45	0.04326	0.02362	0.01964
7.46	0.04513	0.0249	0.02023
7.47	0.04646	0.02573	0.02073
7.48	0.04796	0.02613	0.02184
7.49	0.04984	0.02611	0.02373
7.5	0.05173	0.0257	0.02603
7.51	0.05319	0.0249	0.02829
7.52	0.05359	0.02375	0.02983
7.53	0.0523	0.02227	0.03003
7.54	0.05037	0.02047	0.0299
7.55	0.05054	0.01838	0.03216
7.56	0.0545	0.01603	0.03847
7.57	0.05962	0.01344	0.04618
7.58	0.06229	0.01063	0.05165
7.59	0.06163	0.007632	0.054
7.6	0.05953	0.004464	0.05507
7.61	0.05757	0.001151	0.05641
7.62	0.05561	-0.002285	0.05789
7.63	0.05314	-0.005823	0.05896
7.64	0.05001	-0.009441	0.05945
7.65	0.04648	-0.01312	0.0596
7.66	0.0428	-0.01685	0.05965
7.67	0.03923	-0.0206	0.05983
7.68	0.03602	-0.02436	0.06038
7.69	0.03295	-0.02812	0.06108
7.7	0.02942	-0.03188	0.06129
7.71	0.02498	-0.0356	0.06058
7.72	0.02014	-0.0393	0.05944
7.73	0.01562	-0.04295	0.05857
7.74	0.01177	-0.04656	0.05832
7.75	0.008593	-0.05011	0.05871
7.76	0.006018	-0.05361	0.05963
7.77	0.003694	-0.05705	0.06075
7.78	0.001212	-0.06043	0.06165
7.79	-0.001639	-0.06375	0.06211
7.8	-0.004875	-0.06701	0.06213
7.81	-0.008523	-0.0702	0.06168
7.82	-0.0127	-0.07333	0.06064
7.83	-0.01752	-0.0764	0.05888
7.84	-0.02276	-0.07941	0.05665
7.85	-0.02785	-0.08235	0.0545
7.86	-0.03231	-0.08523	0.05292
7.87	-0.03607	-0.08805	0.05198
7.88	-0.03916	-0.0908	0.05165
7.89	-0.0417	-0.09349	0.0518
7.9	-0.04386	-0.09611	0.05225
7.91	-0.0459	-0.09866	0.05276
7.92	-0.04826	-0.1011	0.05287
7.93	-0.05143	-0.1035	0.05209
7.94	-0.05518	-0.1058	0.05065
7.95	-0.05853	-0.108	0.04951
7.96	-0.0608	-0.1102	0.04936
7.97	-0.06236	-0.1122	0.04981
7.98	-0.06385	-0.1141	0.05021
7.99	-0.06562	-0.1158	0.05021
8	-0.06768	-0.1175	0.04978
8.01	-0.06996	-0.119	0.049
8.02	-0.07203	-0.1203	0.04827
8.03	-0.07336	-0.1215	0.04812
8.04	-0.07333	-0.1225	0.04914
8.05	-0.07123	-0.1233	0.05207
8.06	-0.0669	-0.1239	0.05703
8.07	-0.0625	-0.1244	0.06185
8.08	-0.0607	-0.1246	0.06387
8.09	-0.06185	-0.1246	0.06272
8.1	-0.06407	-0.1244	0.06028
8.11	-0.06552	-0.1239	0.05839
8.12	-0.065	-0.1232	0.05824
8.13	-0.06153	-0.1223	0.0608
8.14	-0.05593	-0.1212	0.06525
8.15	-0.05079	-0.1198	0.06901
8.16	-0.04799	-0.1182	0.0702
8.17	-0.04623	-0.1163	0.07011
8.18	-0.04348	-0.1143	0.0708
8.19	-0.03909	-0.112	0.07289
8.2	-0.03383	-0.1095	0.07565
8.21	-0.02835	-0.1068	0.07842
8.22	-0.0227	-0.1039	0.08116
8.23	-0.01678	-0.1008	0.084
8.24	-0.01059	-0.09752	0.08692
8.25	-0.004287	-0.0941	0.08981
8.26	0.002039	-0.09053	0.09257
8.27	0.008424	-0.08684	0.09526
8.28	0.01493	-0.08303	0.09795
8.29	0.02128	-0.07911	0.1004
8.3	0.02688	-0.07512	0.102
8.31	0.03124	-0.07105	0.1023
8.32	0.03445	-0.06694	0.1014
8.33	0.03671	-0.06278	0.09949
8.34	0.03821	-0.0586	0.09681
8.35	0.03912	-0.05442	0.09354
8.36	0.03975	-0.05024	0.08999
8.37	0.04097	-0.04609	0.08706
8.38	0.04376	-0.04196	0.08573
8.39	0.04832	-0.03788	0.0862
8.4	0.05404	-0.03386	0.0879
8.41	0.06029	-0.02991	0.0902
8.42	0.06632	-0.02603	0.09235
8.43	0.0714	-0.02224	0.09364
8.44	0.07532	-0.01854	0.09386
8.45	0.07841	-0.01494	0.09334
8.46	0.08097	-0.01144	0.0924
8.47	0.08315	-0.008051	0.0912
8.48	0.08507	-0.004777	0.08984
8.49	0.08694	-0.001619	0.08856
8.5	0.08908	0.001418	0.08766
8.51	0.09166	0.004334	0.08733
8.52	0.0944	0.007124	0.08727
8.53	0.09687	0.009789	0.08708
8.54	0.09903	0.01233	0.08671
8.55	0.1012	0.01473	0.08647
8.56	0.1036	0.01701	0.08662
8.57	0.1062	0.01915	0.08709
8.58	0.1089	0.02116	0.08774
8.59	0.1118	0.02304	0.08875
8.6	0.1154	0.02478	0.0906
8.61	0.12	0.02638	0.09358
8.62	0.1249	0.02783	0.09712
8.63	0.1296	0.02914	0.1005
8.64	0.1333	0.0303	0.103
8.65	0.1357	0.03131	0.1044
8.66	0.1366	0.03216	0.1044
8.67	0.1363	0.03285	0.1034
8.68	0.1354	0.03337	0.102
8.69	0.1342	0.03373	0.1004
8.7	0.1328	0.03391	0.09885
8.71	0.1312	0.03391	0.09732
8.72	0.1295	0.03374	0.09574
8.73	0.1273	0.03338	0.09396
8.74	0.125	0.03283	0.09219
8.75	0.1231	0.03209	0.09101
8.76	0.1219	0.03115	0.09076
8.77	0.1209	0.03003	0.09091
8.78	0.1194	0.0287	0.0907
8.79	0.117	0.02719	0.08976
8.8	0.1136	0.02549	0.08807
8.81	0.1094	0.02359	0.08579
8.82	0.1052	0.02152	0.0837
8.83	0.102	0.01927	0.08271
8.84	0.09988	0.01684	0.08304
8.85	0.09845	0.01425	0.0842
8.86	0.09727	0.01152	0.08576
8.87	0.0963	0.008634	0.08766
8.88	0.09557	0.005623	0.08995
8.89	0.09502	0.002495	0.09252
8.9	0.09444	-0.0007346	0.09518
8.91	0.09363	-0.004051	0.09768
8.92	0.09225	-0.007438	0.09969
8.93	0.08998	-0.01088	0.1009
8.94	0.08665	-0.01436	0.101
8.95	0.08227	-0.01785	0.1001
8.96	0.07705	-0.02134	0.09839
8.97	0.07187	-0.02482	0.09669
8.98	0.06776	-0.02826	0.09602
8.99	0.06488	-0.03165	0.09653
9	0.0625	-0.03496	0.09746
9.01	0.05971	-0.03818	0.09789
9.02	0.055	-0.0413	0.0963
9.03	0.04688	-0.04431	0.09119
9.04	0.03711	-0.04717	0.08428
9.05	0.03069	-0.04989	0.08059
9.06	0.0311	-0.05246	0.08356
9.07	0.03506	-0.05486	0.08992
9.08	0.03774	-0.05708	0.09482
9.09	0.03739	-0.05912	0.09651
9.1	0.03532	-0.06098	0.0963
9.11	0.03277	-0.06264	0.09541
9.12	0.03004	-0.06412	0.09415
9.13	0.0272	-0.0654	0.0926
9.14	0.02419	-0.06649	0.09068
9.15	0.02081	-0.0674	0.08821
9.16	0.01701	-0.06812	0.08513
9.17	0.0134	-0.06867	0.08207
9.18	0.01072	-0.06904	0.07976
9.19	0.009143	-0.06925	0.0784
9.2	0.008248	-0.06931	0.07756
9.21	0.007638	-0.06923	0.07686
9.22	0.007095	-0.06901	0.0761
9.23	0.006451	-0.06866	0.07511
9.24	0.005705	-0.0682	0.0739
9.25	0.005031	-0.06763	0.07266
9.26	0.004525	-0.06697	0.07149
9.27	0.003965	-0.06622	0.07018
9.28	0.003064	-0.06539	0.06845
9.29	0.00197	-0.06449	0.06646
9.3	0.001263	-0.06353	0.06479
9.31	0.001381	-0.06251	0.06389
9.32	0.002105	-0.06144	0.06355
9.33	0.003052	-0.06033	0.06338
9.34	0.003773	-0.05917	0.06294
9.35	0.003757	-0.05796	0.06172
9.36	0.002733	-0.05672	0.05945
9.37	0.001392	-0.05543	0.05682
9.38	0.0006509	-0.05409	0.05474
9.39	0.00102	-0.05271	0.05373
9.4	0.002603	-0.05128	0.05388
9.41	0.005312	-0.04978	0.0551
9.42	0.008364	-0.04823	0.05659
9.43	0.01083	-0.04661	0.05744
9.44	0.01246	-0.04491	0.05737
9.45	0.01367	-0.04313	0.0568
9.46	0.01495	-0.04126	0.05621
9.47	0.01695	-0.03929	0.05624
9.48	0.0203	-0.03722	0.05752
9.49	0.02489	-0.03504	0.05994
9.5	0.02984	-0.03275	0.06259
9.51	0.03442	-0.03033	0.06475
9.52	0.03869	-0.02779	0.06648
9.53	0.04288	-0.02512	0.068
9.54	0.04688	-0.02231	0.06919
9.55	0.05018	-0.01938	0.06955
9.56	0.05251	-0.01631	0.06882
9.57	0.05461	-0.01311	0.06772
9.58	0.05739	-0.009784	0.06717
9.59	0.06099	-0.006335	0.06732
9.6	0.06475	-0.002771	0.06752
9.61	0.06813	0.0009024	0.06723
9.62	0.07125	0.004675	0.06658
9.63	0.07437	0.008536	0.06584
9.64	0.07792	0.01247	0.06545
9.65	0.08246	0.01647	0.06599
9.66	0.08811	0.02052	0.06759
9.67	0.09312	0.02461	0.06851
9.68	0.09534	0.02871	0.06663
9.69	0.09479	0.03281	0.06197
9.7	0.09357	0.0369	0.05667
9.71	0.09368	0.04095	0.05273
9.72	0.09617	0.04495	0.05122
9.73	0.1018	0.04888	0.05291
9.74	0.1096	0.05273	0.05688
9.75	0.117	0.05647	0.06051
9.76	0.1219	0.06009	0.0618
9.77	0.1251	0.06357	0.06153
9.78	0.128	0.0669	0.06112
9.79	0.1315	0.07007	0.0614
9.8	0.1357	0.07306	0.0626
9.81	0.1406	0.07585	0.06478
9.82	0.1459	0.07845	0.06747
9.83	0.1509	0.08084	0.07009
9.84	0.1552	0.08302	0.0722
9.85	0.1585	0.08497	0.0735
9.86	0.1606	0.0867	0.07394
9.87	0.1625	0.0882	0.07428
9.88	0.1649	0.08947	0.07547
9.89	0.1678	0.09051	0.07728
9.9	0.1697	0.09133	0.07833
9.91	0.1696	0.09192	0.07767
9.92	0.1685	0.0923	0.07621
9.93	0.1678	0.09245	0.07531
9.94	0.1677	0.09241	0.07534
9.95	0.1678	0.09216	0.07568
9.96	0.1676	0.09172	0.0759
9.97	0.1676	0.0911	0.07652
9.98	0.1685	0.0903	0.07823
9.99	0.1703	0.08934	0.08093
10	0.1719	0.08823	0.0837
10.01	0.1727	0.08698	0.08573
10.02	0.1723	0.08559	0.08675
10.03	0.1707	0.08408	0.08666
10.04	0.1684	0.08246	0.08594
10.05	0.1664	0.08073	0.08567
10.06	0.1655	0.07891	0.08662
10.07	0.1653	0.077	0.08831
10.08	0.165	0.07502	0.08997
10.09	0.1642	0.07298	0.09121
10.1	0.1629	0.07087	0.09205
10.11	0.1612	0.0687	0.09252
10.12	0.1591	0.06649	0.0926
10.13	0.1565	0.06424	0.09226
10.14	0.1534	0.06196	0.0914
10.15	0.1495	0.05964	0.08989
10.16	0.145	0.0573	0.08773
10.17	0.1405	0.05493	0.08558
10.18	0.1368	0.05255	0.08423
10.19	0.1341	0.05015	0.08393
10.2	0.1321	0.04774	0.0844
10.21	0.1306	0.04533	0.08528
10.22	0.1288	0.04291	0.08593
10.23	0.1262	0.04049	0.08569
10.24	0.1227	0.03807	0.08459
10.25	0.119	0.03566	0.08334
10.26	0.1159	0.03326	0.08265
10.27	0.1138	0.03088	0.08291
10.28	0.1129	0.02852	0.08441
10.29	0.1127	0.02618	0.0865
10.3	0.1115	0.02387	0.08761
10.31	0.1081	0.02159	0.08656
10.32	0.1034	0.01935	0.08404
10.33	0.09835	0.01716	0.08119
10.34	0.09385	0.01502	0.07882
10.35	0.09039	0.01294	0.07744
10.36	0.08819	0.01093	0.07726
10.37	0.08639	0.008983	0.07741
10.38	0.08387	0.007118	0.07675
10.39	0.08035	0.005339	0.07501
10.4	0.07633	0.003652	0.07268
10.41	0.07233	0.002063	0.07027
10.42	0.06869	0.0005802	0.06811
10.43	0.06566	-0.0007913	0.06646
10.44	0.06313	-0.002045	0.06518
10.45	0.06058	-0.003176	0.06375
10.46	0.05765	-0.004179	0.06183
10.47	0.05472	-0.00505	0.05977
10.48	0.05234	-0.005784	0.05812
10.49	0.05115	-0.006379	0.05753
10.5	0.05189	-0.006832	0.05872
10.51	0.0548	-0.007141	0.06194
10.52	0.05821	-0.007305	0.06551
10.53	0.06	-0.007324	0.06732
10.54	0.05982	-0.007198	0.06701
10.55	0.05904	-0.006929	0.06597
10.56	0.05881	-0.006518	0.06533
10.57	0.05906	-0.005969	0.06503
10.58	0.0594	-0.005285	0.06468
10.59	0.05956	-0.00447	0.06403
10.6	0.05937	-0.003528	0.0629
10.61	0.05882	-0.002466	0.06129
10.62	0.05848	-0.001289	0.05977
10.63	0.05901	-3.406e-06	0.05902
10.64	0.06052	0.001384	0.05914
10.65	0.06253	0.002865	0.05967
10.66	0.06435	0.004433	0.05992
10.67	0.06459	0.00608	0.05851
10.68	0.06175	0.007798	0.05395
10.69	0.05632	0.009579	0.04674
10.7	0.05075	0.01141	0.03934
10.71	0.04723	0.0133	0.03393
10.72	0.04644	0.01522	0.03122
10.73	0.04865	0.01717	0.03148
10.74	0.05281	0.01914	0.03367
10.75	0.05658	0.02113	0.03544
10.76	0.05828	0.02313	0.03515
10.77	0.05922	0.02512	0.03409
10.78	0.06133	0.02711	0.03422
10.79	0.06486	0.02908	0.03578
10.8	0.06831	0.03103	0.03728
10.81	0.07044	0.03295	0.03748
10.82	0.07133	0.03484	0.03649
10.83	0.07139	0.03668	0.0347
10.84	0.07107	0.03848	0.03259
10.85	0.07086	0.04022	0.03064
10.86	0.0712	0.0419	0.0293
10.87	0.07225	0.04351	0.02875
10.88	0.07413	0.04505	0.02908
10.89	0.07651	0.04651	0.03
10.9	0.07863	0.04788	0.03075
10.91	0.07992	0.04916	0.03076
10.92	0.08061	0.05034	0.03027
10.93	0.0811	0.05142	0.02968
10.94	0.08156	0.05238	0.02918
10.95	0.08196	0.05323	0.02873
10.96	0.08218	0.05396	0.02822
10.97	0.08192	0.05455	0.02737
10.98	0.08083	0.05501	0.02582
10.99	0.07897	0.05533	0.02364
11	0.07674	0.05549	0.02125
11.01	0.07455	0.0555	0.01905
11.02	0.07264	0.05535	0.01729
11.03	0.07119	0.05504	0.01615
11.04	0.07035	0.05455	0.01581
11.05	0.07024	0.05388	0.01636
11.06	0.07077	0.05303	0.01774
11.07	0.07115	0.05199	0.01916
11.08	0.0704	0.05076	0.01964
11.09	0.06801	0.04934	0.01867
11.1	0.06393	0.04772	0.01621
11.11	0.05835	0.0459	0.01245
11.12	0.05244	0.04387	0.008568
11.13	0.04755	0.04165	0.005901
11.14	0.0438	0.03922	0.004584
11.15	0.04011	0.03658	0.003532
11.16	0.0356	0.03374	0.001858
11.17	0.03038	0.03071	-0.0003312
11.18	0.02479	0.02747	-0.002682
11.19	0.01905	0.02404	-0.004988
11.2	0.01322	0.02041	-0.007187
11.21	0.007341	0.0166	-0.009258
11.22	0.001277	0.0126	-0.01133
11.23	-0.005111	0.008431	-0.01354
11.24	-0.01173	0.004089	-0.01582
11.25	-0.01826	-0.000418	-0.01784
11.26	-0.0244	-0.005081	-0.01932
11.27	-0.03009	-0.009894	-0.0202
11.28	-0.03533	-0.01485	-0.02049
11.29	-0.04024	-0.01994	-0.02031
11.3	-0.04505	-0.02515	-0.0199
11.31	-0.05001	-0.03047	-0.01954
11.32	-0.05545	-0.03591	-0.01954
11.33	-0.06166	-0.04144	-0.02022
11.34	-0.06841	-0.04707	-0.02134
11.35	-0.07488	-0.05277	-0.02211
11.36	-0.0804	-0.05855	-0.02185
11.37	-0.08479	-0.06439	-0.0204
11.38	-0.08808	-0.07028	-0.0178
11.39	-0.09092	-0.07623	-0.01469
11.4	-0.0946	-0.08221	-0.0124
11.41	-0.1001	-0.08822	-0.01185
11.42	-0.1067	-0.09425	-0.01244
11.43	-0.1135	-0.1003	-0.01323
11.44	-0.1202	-0.1064	-0.01388
11.45	-0.1271	-0.1124	-0.01469
11.46	-0.1343	-0.1185	-0.01585
11.47	-0.1415	-0.1245	-0.01702
11.48	-0.1482	-0.1305	-0.01771
11.49	-0.1541	-0.1365	-0.01763
11.5	-0.1591	-0.1424	-0.01671
11.51	-0.1633	-0.1483	-0.01501
11.52	-0.1673	-0.1542	-0.01315
11.53	-0.1719	-0.16	-0.01191
11.54	-0.1772	-0.1657	-0.01155
11.55	-0.1832	-0.1713	-0.01185
11.56	-0.1893	-0.1769	-0.01244
11.57	-0.1949	-0.1824	-0.01257
11.58	-0.1992	-0.1878	-0.01141
11.59	-0.2022	-0.193	-0.009177
11.6	-0.2053	-0.1982	-0.007152
11.61	-0.2095	-0.2032	-0.0063
11.62	-0.2143	-0.2081	-0.006171
11.63	-0.2188	-0.2129	-0.005988
11.64	-0.2231	-0.2175	-0.005593
11.65	-0.2273	-0.2219	-0.005444
11.66	-0.2321	-0.2262	-0.005946
11.67	-0.2375	-0.2303	-0.007167
11.68	-0.2433	-0.2342	-0.00908
11.69	-0.2492	-0.2379	-0.01129
11.7	-0.2545	-0.2415	-0.01302
11.71	-0.2585	-0.2448	-0.0137
11.72	-0.2615	-0.2479	-0.01358
11.73	-0.264	-0.2508	-0.01311
11.74	-0.266	-0.2535	-0.01247
11.75	-0.2676	-0.256	-0.01158
11.76	-0.2686	-0.2583	-0.01038
11.77	-0.2693	-0.2603	-0.009022
11.78	-0.2698	-0.2621	-0.00767
11.79	-0.2702	-0.2637	-0.006514
11.8	-0.2708	-0.2651	-0.005746
11.81	-0.2717	-0.2662	-0.005449
11.82	-0.2724	-0.2672	-0.005255
11.83	-0.2726	-0.2679	-0.004706
11.84	-0.2723	-0.2685	-0.003822
11.85	-0.2719	-0.2688	-0.003102
11.86	-0.272	-0.269	-0.002965
11.87	-0.2725	-0.2691	-0.003421
11.88	-0.2733	-0.2689	-0.004364
11.89	-0.2741	-0.2687	-0.005409
11.9	-0.2742	-0.2683	-0.005892
11.91	-0.2733	-0.2678	-0.005458
11.92	-0.2722	-0.2672	-0.005045
11.93	-0.2724	-0.2665	-0.005859
11.94	-0.2737	-0.2658	-0.007929
11.95	-0.2751	-0.265	-0.0101
11.96	-0.2757	-0.2641	-0.01154
11.97	-0.2761	-0.2633	-0.01288
11.98	-0.2774	-0.2624	-0.01507
11.99	-0.2795	-0.2615	-0.01801
12	-0.2812	-0.2607	-0.0205
12.01	-0.2814	-0.2598	-0.02162
12.02	-0.2806	-0.259	-0.02157
12.03	-0.2791	-0.2583	-0.02084
12.04	-0.2774	-0.2576	-0.01974
12.05	-0.2754	-0.257	-0.01843
12.06	-0.2736	-0.2565	-0.01711
12.07	-0.2723	-0.256	-0.01634
12.08	-0.2723	-0.2556	-0.01673
12.09	-0.2736	-0.2553	-0.0183
12.1	-0.2756	-0.2551	-0.02047
12.11	-0.2775	-0.2549	-0.02259
12.12	-0.2787	-0.2549	-0.02378
12.13	-0.2781	-0.2549	-0.0232
12.14	-0.2766	-0.255	-0.02157
12.15	-0.2764	-0.2551	-0.02122
12.16	-0.2791	-0.2554	-0.02379
12.17	-0.2834	-0.2556	-0.02774
12.18	-0.2867	-0.2559	-0.03083
12.19	-0.2883	-0.2563	-0.03208
12.2	-0.2884	-0.2566	-0.03177
12.21	-0.2875	-0.257	-0.03047
12.22	-0.287	-0.2574	-0.0296
12.23	-0.2885	-0.2577	-0.03074
12.24	-0.2917	-0.2581	-0.03366
12.25	-0.2947	-0.2584	-0.03634
12.26	-0.2958	-0.2587	-0.03715
12.27	-0.2954	-0.2589	-0.03647
12.28	-0.2943	-0.2591	-0.03515
12.29	-0.2928	-0.2592	-0.03358
12.3	-0.2909	-0.2592	-0.03163
12.31	-0.2885	-0.2592	-0.02926
12.32	-0.2857	-0.2591	-0.02665
12.33	-0.2829	-0.2588	-0.02409
12.34	-0.2805	-0.2585	-0.02201
12.35	-0.2791	-0.2581	-0.02104
12.36	-0.2789	-0.2575	-0.02141
12.37	-0.2786	-0.2569	-0.02171
12.38	-0.2763	-0.2561	-0.02022
12.39	-0.2725	-0.2552	-0.01732
12.4	-0.2697	-0.2542	-0.01548
12.41	-0.2695	-0.2531	-0.01644
12.42	-0.2705	-0.2518	-0.01868
12.43	-0.2704	-0.2505	-0.01997
12.44	-0.269	-0.249	-0.01996
12.45	-0.2676	-0.2474	-0.0202
12.46	-0.2674	-0.2457	-0.02175
12.47	-0.2673	-0.2439	-0.02341
12.48	-0.2654	-0.2419	-0.02346
12.49	-0.2613	-0.2398	-0.02142
12.5	-0.2557	-0.2377	-0.01802
12.51	-0.2495	-0.2354	-0.01415
12.52	-0.2441	-0.2329	-0.01118
12.53	-0.2409	-0.2304	-0.01051
12.54	-0.2402	-0.2277	-0.01242
12.55	-0.241	-0.2249	-0.01601
12.56	-0.2423	-0.222	-0.0203
12.57	-0.2431	-0.219	-0.02411
12.58	-0.2421	-0.2158	-0.02624
12.59	-0.2387	-0.2125	-0.02617
12.6	-0.2331	-0.2091	-0.02401
12.61	-0.2256	-0.2055	-0.02011
12.62	-0.2173	-0.2018	-0.01556
12.63	-0.2096	-0.1979	-0.01165
12.64	-0.2031	-0.1939	-0.009166
12.65	-0.1981	-0.1897	-0.008424
12.66	-0.1948	-0.1854	-0.009395
12.67	-0.1917	-0.1809	-0.01077
12.68	-0.1873	-0.1763	-0.01099
12.69	-0.1817	-0.1715	-0.01021
12.7	-0.1769	-0.1666	-0.01033
12.71	-0.1741	-0.1615	-0.01264
12.72	-0.1721	-0.1562	-0.01582
12.73	-0.1688	-0.1509	-0.01791
12.74	-0.1638	-0.1454	-0.01843
12.75	-0.1581	-0.1397	-0.01834
12.76	-0.1524	-0.134	-0.0184
12.77	-0.1464	-0.1281	-0.01833
12.78	-0.1397	-0.1221	-0.01761
12.79	-0.1323	-0.1161	-0.01623
12.8	-0.1246	-0.1099	-0.01468
12.81	-0.1171	-0.1037	-0.01339
12.82	-0.1098	-0.09749	-0.01229
12.83	-0.1024	-0.09121	-0.01121
12.84	-0.09539	-0.08493	-0.01046
12.85	-0.08947	-0.07865	-0.01081
12.86	-0.08508	-0.0724	-0.01269
12.87	-0.08117	-0.06618	-0.01499
12.88	-0.07633	-0.06002	-0.01631
12.89	-0.07046	-0.05394	-0.01653
12.9	-0.06477	-0.04795	-0.01683
12.91	-0.06011	-0.04207	-0.01805
12.92	-0.05575	-0.03631	-0.01943
12.93	-0.05057	-0.0307	-0.01987
12.94	-0.04436	-0.02525	-0.01911
12.95	-0.03777	-0.01996	-0.0178
12.96	-0.03137	-0.01486	-0.01651
12.97	-0.02537	-0.009949	-0.01542
12.98	-0.01985	-0.005239	-0.01462
12.99	-0.01498	-0.0007373	-0.01425
13	-0.01096	0.003551	-0.01451
13.01	-0.007945	0.007622	-0.01557
13.02	-0.006003	0.01147	-0.01748
13.03	-0.005127	0.01511	-0.02023
13.04	-0.004651	0.01852	-0.02317
13.05	-0.003248	0.02172	-0.02497
13.06	3.535e-05	0.02472	-0.02468
13.07	0.004545	0.02751	-0.02296
13.08	0.00923	0.0301	-0.02087
13.09	0.01315	0.03252	-0.01937
13.1	0.01548	0.03476	-0.01928
13.11	0.01572	0.03684	-0.02112
13.12	0.01464	0.03877	-0.02413
13.13	0.01334	0.04057	-0.02723
13.14	0.01271	0.04225	-0.02953
13.15	0.01349	0.04382	-0.03033
13.16	0.01606	0.0453	-0.02925
13.17	0.01946	0.04671	-0.02724
13.18	0.02247	0.04805	-0.02558
13.19	0.02411	0.04935	-0.02524
13.2	0.0237	0.05061	-0.02691
13.21	0.02125	0.05185	-0.0306
13.22	0.01945	0.05308	-0.03363
13.23	0.02155	0.05431	-0.03276
13.24	0.02715	0.05555	-0.0284
13.25	0.0323	0.05681	-0.02451
13.26	0.03399	0.05809	-0.02411
13.27	0.03374	0.05941	-0.02567
13.28	0.03415	0.06076	-0.02661
13.29	0.03618	0.06215	-0.02596
13.3	0.03922	0.06357	-0.02435
13.31	0.04267	0.06504	-0.02237
13.32	0.04624	0.06654	-0.02029
13.33	0.04976	0.06807	-0.01831
13.34	0.05289	0.06964	-0.01675
13.35	0.05515	0.07123	-0.01608
13.36	0.05636	0.07284	-0.01648
13.37	0.05758	0.07447	-0.01689
13.38	0.06012	0.0761	-0.01598
13.39	0.06381	0.07772	-0.01391
13.4	0.06703	0.07934	-0.01231
13.41	0.06865	0.08094	-0.0123
13.42	0.06978	0.08251	-0.01273
13.43	0.07202	0.08405	-0.01202
13.44	0.07497	0.08554	-0.01057
13.45	0.07618	0.08697	-0.0108
13.46	0.07381	0.08835	-0.01455
13.47	0.06873	0.08966	-0.02094
13.48	0.06248	0.0909	-0.02842
13.49	0.05677	0.09206	-0.03529
13.5	0.05342	0.09314	-0.03972
13.51	0.05361	0.09413	-0.04052
13.52	0.05589	0.09504	-0.03915
13.53	0.05818	0.09585	-0.03767
13.54	0.05958	0.09657	-0.03699
13.55	0.0603	0.0972	-0.0369
13.56	0.06053	0.09774	-0.0372
13.57	0.06012	0.09819	-0.03806
13.58	0.05885	0.09855	-0.03971
13.59	0.05726	0.09884	-0.04158
13.6	0.05671	0.09904	-0.04234
13.61	0.05819	0.09918	-0.04098
13.62	0.06122	0.09924	-0.03802
13.63	0.06493	0.09925	-0.03432
13.64	0.06875	0.0992	-0.03044
13.65	0.07238	0.09909	-0.02671
13.66	0.0755	0.09895	-0.02345
13.67	0.0776	0.09876	-0.02116
13.68	0.0782	0.09855	-0.02035
13.69	0.07762	0.09831	-0.02069
13.7	0.07705	0.09805	-0.021
13.71	0.07741	0.09777	-0.02036
13.72	0.07849	0.09748	-0.01899
13.73	0.0798	0.09719	-0.01739
13.74	0.08089	0.09689	-0.016
13.75	0.0814	0.09659	-0.01519
13.76	0.08113	0.09629	-0.01517
13.77	0.08052	0.096	-0.01548
13.78	0.08017	0.09571	-0.01554
13.79	0.08	0.09542	-0.01542
13.8	0.07924	0.09514	-0.0159
13.81	0.07744	0.09486	-0.01742
13.82	0.07546	0.09458	-0.01912
13.83	0.07452	0.0943	-0.01979
13.84	0.07558	0.09402	-0.01844
13.85	0.07939	0.09374	-0.01435
13.86	0.08589	0.09344	-0.007549
13.87	0.09195	0.09314	-0.001185
13.88	0.09383	0.09282	0.001011
13.89	0.0919	0.09248	-0.0005788
13.9	0.09067	0.09213	-0.001456
13.91	0.09318	0.09175	0.00143
13.92	0.09595	0.09134	0.004615
13.93	0.09411	0.0909	0.003215
13.94	0.08755	0.09043	-0.002877
13.95	0.08093	0.08992	-0.008992
13.96	0.07813	0.08938	-0.01125
13.97	0.079	0.0888	-0.009802
13.98	0.08236	0.08817	-0.00581
13.99	0.08646	0.08751	-0.001044
14	0.08893	0.0868	0.002133
14.01	0.08828	0.08604	0.00224
14.02	0.08668	0.08524	0.001438
14.03	0.08707	0.08439	0.002681
14.04	0.08989	0.0835	0.006389
14.05	0.093	0.08256	0.01044
14.06	0.09458	0.08158	0.01301
14.07	0.0945	0.08055	0.01395
14.08	0.09305	0.07947	0.01358
14.09	0.09119	0.07835	0.01284
14.1	0.09053	0.07718	0.01335
14.11	0.09209	0.07596	0.01613
14.12	0.09444	0.0747	0.01973
14.13	0.09557	0.0734	0.02217
14.14	0.09473	0.07205	0.02269
14.15	0.09241	0.07065	0.02176
14.16	0.08919	0.0692	0.01999
14.17	0.08597	0.0677	0.01827
14.18	0.08366	0.06616	0.0175
14.19	0.08233	0.06456	0.01778
14.2	0.08125	0.06291	0.01835
14.21	0.07957	0.0612	0.01837
14.22	0.0762	0.05944	0.01676
14.23	0.0701	0.05762	0.01248
14.24	0.06239	0.05574	0.006651
14.25	0.05633	0.0538	0.002531
14.26	0.05438	0.0518	0.002581
14.27	0.05536	0.04973	0.005632
14.28	0.05723	0.0476	0.009632
14.29	0.05847	0.04541	0.01307
14.3	0.0581	0.04315	0.01496
14.31	0.05555	0.04083	0.01472
14.32	0.05176	0.03844	0.01332
14.33	0.04801	0.03599	0.01202
14.34	0.04476	0.03348	0.01127
14.35	0.04161	0.03092	0.01069
14.36	0.03832	0.0283	0.01002
14.37	0.03541	0.02563	0.009776
14.38	0.03354	0.02291	0.01062
14.39	0.03253	0.02016	0.01237
14.4	0.03137	0.01736	0.014
14.41	0.02914	0.01454	0.0146
14.42	0.02559	0.01169	0.0139
14.43	0.02066	0.008828	0.01183
14.44	0.01524	0.005954	0.009289
14.45	0.01121	0.003077	0.008134
14.46	0.009781	0.0002041	0.009577
14.47	0.009438	-0.002657	0.0121
14.48	0.00805	-0.0055	0.01355
14.49	0.005096	-0.008317	0.01341
14.5	0.001667	-0.0111	0.01277
14.51	-0.001389	-0.01385	0.01246
14.52	-0.004469	-0.01655	0.01208
14.53	-0.008251	-0.0192	0.01095
14.54	-0.01271	-0.0218	0.009089
14.55	-0.01712	-0.02434	0.007223
14.56	-0.02106	-0.02682	0.005761
14.57	-0.02551	-0.02924	0.003728
14.58	-0.03174	-0.0316	-0.0001407
14.59	-0.0397	-0.03389	-0.005809
14.6	-0.04806	-0.03612	-0.01194
14.61	-0.05555	-0.03829	-0.01726
14.62	-0.06144	-0.0404	-0.02103
14.63	-0.06511	-0.04246	-0.02265
14.64	-0.06638	-0.04448	-0.0219
14.65	-0.06547	-0.04644	-0.01902
14.66	-0.06278	-0.04838	-0.0144
14.67	-0.05938	-0.05028	-0.009099
14.68	-0.05647	-0.05216	-0.004311
14.69	-0.05489	-0.05402	-0.0008715
14.7	-0.05511	-0.05588	0.0007667
14.71	-0.05736	-0.05773	0.000373
14.72	-0.06105	-0.0596	-0.001453
14.73	-0.0654	-0.06148	-0.003929
14.74	-0.07023	-0.06338	-0.006856
14.75	-0.07593	-0.06531	-0.01062
14.76	-0.08258	-0.06728	-0.0153
14.77	-0.08898	-0.06928	-0.01969
14.78	-0.09361	-0.07134	-0.02228
14.79	-0.09591	-0.07343	-0.02248
14.8	-0.09623	-0.07558	-0.02064
14.81	-0.09518	-0.07778	-0.0174
14.82	-0.09435	-0.08003	-0.01432
14.83	-0.09547	-0.08233	-0.01314
14.84	-0.09838	-0.08467	-0.01371
14.85	-0.101	-0.08705	-0.01398
14.86	-0.1019	-0.08946	-0.01243
14.87	-0.1018	-0.0919	-0.009898
14.88	-0.1021	-0.09436	-0.007784
14.89	-0.1033	-0.09682	-0.006494
14.9	-0.1047	-0.09928	-0.005445
14.91	-0.1059	-0.1017	-0.004215
14.92	-0.1074	-0.1041	-0.003205
14.93	-0.1095	-0.1065	-0.00299
14.94	-0.1122	-0.1088	-0.003345
14.95	-0.1143	-0.1111	-0.003247
14.96	-0.1152	-0.1133	-0.00198
14.97	-0.1155	-0.1153	-0.0001839
14.98	-0.1161	-0.1173	0.001184
14.99	-0.1175	-0.1191	0.001668
15	-0.1195	-0.1208	0.00131
15.01	-0.122	-0.1224	0.0004071
15.02	-0.1236	-0.1238	0.0001789
15.03	-0.123	-0.125	0.002003
15.04	-0.1205	-0.1261	0.005593
15.05	-0.118	-0.127	0.008999
15.06	-0.1169	-0.1276	0.01069
15.07	-0.1171	-0.1281	0.01106
15.08	-0.1174	-0.1284	0.01101
15.09	-0.1173	-0.1285	0.01126
15.1	-0.1161	-0.1284	0.01237
15.11	-0.1135	-0.1282	0.01466
15.12	-0.1102	-0.1277	0.01755
15.13	-0.1069	-0.1271	0.0202
15.14	-0.1045	-0.1263	0.02178
15.15	-0.1039	-0.1253	0.02142
15.16	-0.1054	-0.1242	0.01878
15.17	-0.1073	-0.123	0.01568
15.18	-0.1072	-0.1216	0.01436
15.19	-0.1052	-0.1201	0.01491
15.2	-0.1033	-0.1185	0.0152
15.21	-0.1031	-0.1169	0.01379
15.22	-0.1028	-0.1152	0.01233
15.23	-0.1002	-0.1134	0.01317
15.24	-0.09484	-0.1116	0.01674
15.25	-0.0882	-0.1097	0.02154
15.26	-0.08172	-0.1079	0.02617
15.27	-0.07608	-0.106	0.02995
15.28	-0.07177	-0.1042	0.03241
15.29	-0.06848	-0.1023	0.03387
15.3	-0.06511	-0.1005	0.03542
15.31	-0.06091	-0.09876	0.03786
15.32	-0.05644	-0.09702	0.04059
15.33	-0.05261	-0.09532	0.04271
15.34	-0.04972	-0.09366	0.04394
15.35	-0.04742	-0.09203	0.04461
15.36	-0.04531	-0.09044	0.04513
15.37	-0.04285	-0.08889	0.04604
15.38	-0.03947	-0.08736	0.04789
15.39	-0.03567	-0.08585	0.05018
15.4	-0.03297	-0.08435	0.05138
15.41	-0.03237	-0.08285	0.05048
15.42	-0.03252	-0.08135	0.04883
15.43	-0.03155	-0.07983	0.04828
15.44	-0.02873	-0.07828	0.04955
15.45	-0.02447	-0.07669	0.05221
15.46	-0.01955	-0.07504	0.05549
15.47	-0.01597	-0.07333	0.05736
15.48	-0.01591	-0.07154	0.05564
15.49	-0.01896	-0.06967	0.05071
15.5	-0.02214	-0.0677	0.04556
15.51	-0.023	-0.06563	0.04262
15.52	-0.0218	-0.06344	0.04164
15.53	-0.01943	-0.06113	0.04171
15.54	-0.0165	-0.0587	0.0422
15.55	-0.01334	-0.05615	0.04281
15.56	-0.01005	-0.05347	0.04342
15.57	-0.006011	-0.05067	0.04466
15.58	-0.0004336	-0.04775	0.04732
15.59	0.006454	-0.04471	0.05117
15.6	0.01342	-0.04157	0.055
15.61	0.01943	-0.03834	0.05777
15.62	0.02437	-0.03502	0.05939
15.63	0.02839	-0.03163	0.06002
15.64	0.03174	-0.02819	0.05993
15.65	0.03487	-0.02471	0.05959
15.66	0.03811	-0.02122	0.05933
15.67	0.04142	-0.01774	0.05916
15.68	0.0447	-0.01428	0.05898
15.69	0.04809	-0.01087	0.05896
15.7	0.05204	-0.007532	0.05957
15.71	0.05661	-0.004293	0.0609
15.72	0.0605	-0.001175	0.06167
15.73	0.06212	0.001798	0.06032
15.74	0.06176	0.004602	0.05716
15.75	0.06162	0.007214	0.0544
15.76	0.06329	0.009613	0.05368
15.77	0.06574	0.01178	0.05397
15.78	0.06733	0.01369	0.05365
15.79	0.06769	0.01532	0.05236
15.8	0.06768	0.01667	0.05101
15.81	0.06809	0.01772	0.05037
15.82	0.06897	0.01845	0.05052
15.83	0.07023	0.01886	0.05137
15.84	0.07178	0.01893	0.05285
15.85	0.0736	0.01867	0.05493
15.86	0.07564	0.01806	0.05757
15.87	0.07795	0.01712	0.06083
15.88	0.08061	0.01584	0.06477
15.89	0.08378	0.01422	0.06956
15.9	0.08779	0.01228	0.07551
15.91	0.09253	0.01002	0.08251
15.92	0.09626	0.007448	0.08881
15.93	0.09691	0.004584	0.09233
15.94	0.0943	0.00144	0.09285
15.95	0.09011	-0.001967	0.09208
15.96	0.08597	-0.005621	0.09159
15.97	0.08287	-0.009501	0.09237
15.98	0.08164	-0.01359	0.09523
15.99	0.08312	-0.01787	0.101
16	0.08814	-0.02231	0.1105
