0.5	-0.9152	1.214	-2.129
0.51	-0.8631	1.193	-2.056
0.52	-0.8109	1.175	-1.986
0.53	-0.7585	1.157	-1.916
0.54	-0.7053	1.141	-1.847
0.55	-0.6509	1.126	-1.777
0.56	-0.595	1.112	-1.708
0.57	-0.5378	1.099	-1.637
0.58	-0.4794	1.087	-1.566
0.59	-0.42	1.074	-1.494
0.6	-0.3597	1.062	-1.422
0.61	-0.2986	1.051	-1.349
0.62	-0.2371	1.038	-1.275
0.63	-0.1751	1.026	-1.201
0.64	-0.1128	1.013	-1.126
0.65	-0.05021	0.9996	-1.05
0.66	0.01269	0.9854	-0.9727
0.67	0.07588	0.9704	-0.8945
0.68	0.1393	0.9545	-0.8151
0.69	0.2028	0.9376	-0.7347
0.7	0.266	0.9197	-0.6536
0.71	0.3286	0.9007	-0.5721
0.72	0.3903	0.8808	-0.4905
0.73	0.4509	0.8598	-0.409
0.74	0.5103	0.8379	-0.3277
0.75	0.5683	0.8151	-0.2468
0.76	0.6246	0.7915	-0.1669
0.77	0.6788	0.7672	-0.0884
0.78	0.7301	0.7423	-0.01217
0.79	0.7782	0.7169	0.06134
0.8	0.8231	0.6911	0.1319
0.81	0.8646	0.6652	0.1994
0.82	0.9027	0.6392	0.2635
0.83	0.9371	0.6133	0.3238
0.84	0.9678	0.5876	0.3801
0.85	0.9943	0.5624	0.4319
0.86	1.017	0.5377	0.4789
0.87	1.035	0.5137	0.5209
0.88	1.048	0.4905	0.5578
0.89	1.058	0.4682	0.5897
0.9	1.064	0.4469	0.6173
0.91	1.068	0.4269	0.6411
0.92	1.07	0.408	0.6616
0.93	1.07	0.3904	0.6794
0.94	1.069	0.3742	0.6945
0.95	1.066	0.3593	0.7069
0.96	1.062	0.3458	0.7165
0.97	1.057	0.3337	0.7236
0.98	1.052	0.323	0.7285
0.99	1.046	0.3137	0.7319
1	1.041	0.3056	0.7353
1.01	1.039	0.2987	0.74
1.02	1.04	0.293	0.7473
1.03	1.047	0.2884	0.7584
1.04	1.059	0.2847	0.7745
1.05	1.078	0.2819	0.7962
1.06	1.104	0.2799	0.8245
1.07	1.139	0.2784	0.8601
1.08	1.182	0.2775	0.9041
1.09	1.235	0.277	0.9576
1.1	1.299	0.2767	1.022
1.11	1.375	0.2765	1.099
1.12	1.467	0.2763	1.19
1.13	1.575	0.276	1.299
1.14	1.702	0.2755	1.426
1.15	1.849	0.2746	1.574
1.16	2.016	0.2733	1.743
1.17	2.203	0.2715	1.932
1.18	2.41	0.2691	2.14
1.19	2.632	0.266	2.366
1.2	2.865	0.2621	2.603
1.21	3.103	0.2575	2.845
1.22	3.339	0.2521	3.087
1.23	3.563	0.2459	3.317
1.24	3.765	0.2388	3.526
1.25	3.933	0.2309	3.702
1.26	4.055	0.2222	3.833
1.27	4.124	0.2127	3.911
1.28	4.133	0.2023	3.93
1.29	4.078	0.1913	3.887
1.3	3.961	0.1795	3.782
1.31	3.785	0.1671	3.618
1.32	3.56	0.1542	3.406
1.33	3.301	0.1407	3.161
1.34	3.021	0.1267	2.894
1.35	2.73	0.1124	2.617
1.36	2.44	0.09775	2.343
1.37	2.159	0.08285	2.076
1.38	1.89	0.06777	1.822
1.39	1.638	0.05257	1.586
1.4	1.404	0.03732	1.367
1.41	1.189	0.02208	1.167
1.42	0.9921	0.006901	0.9852
1.43	0.8129	-0.008164	0.821
1.44	0.6508	-0.02307	0.6739
1.45	0.5053	-0.03777	0.543
1.46	0.3752	-0.05224	0.4275
1.47	0.2593	-0.06644	0.3257
1.48	0.1557	-0.08036	0.236
1.49	0.06289	-0.09397	0.1569
1.5	-0.02061	-0.1073	0.08665
1.51	-0.09621	-0.1202	0.02402
1.52	-0.1649	-0.1329	-0.03203
1.53	-0.2276	-0.1452	-0.08242
1.54	-0.2852	-0.1572	-0.128
1.55	-0.3383	-0.1689	-0.1693
1.56	-0.3876	-0.1804	-0.2072
1.57	-0.4334	-0.1915	-0.2419
1.58	-0.4761	-0.2024	-0.2736
1.59	-0.5157	-0.2131	-0.3026
1.6	-0.5524	-0.2236	-0.3288
1.61	-0.5862	-0.2338	-0.3523
1.62	-0.6172	-0.244	-0.3732
1.63	-0.6454	-0.2539	-0.3915
1.64	-0.6712	-0.2638	-0.4074
1.65	-0.695	-0.2735	-0.4215
1.66	-0.7171	-0.2831	-0.434
1.67	-0.7376	-0.2926	-0.445
1.68	-0.7563	-0.302	-0.4543
1.69	-0.7732	-0.3114	-0.4618
1.7	-0.7881	-0.3207	-0.4675
1.71	-0.801	-0.3299	-0.4711
1.72	-0.8122	-0.339	-0.4732
1.73	-0.8219	-0.348	-0.4739
1.74	-0.8304	-0.3569	-0.4735
1.75	-0.8378	-0.3656	-0.4721
1.76	-0.844	-0.3742	-0.4697
1.77	-0.8488	-0.3827	-0.4661
1.78	-0.8519	-0.3909	-0.461
1.79	-0.8532	-0.3989	-0.4542
1.8	-0.8524	-0.4067	-0.4457
1.81	-0.8495	-0.4141	-0.4353
1.82	-0.8446	-0.4213	-0.4233
1.83	-0.8378	-0.4281	-0.4096
1.84	-0.8292	-0.4345	-0.3946
1.85	-0.8189	-0.4406	-0.3784
1.86	-0.8072	-0.4461	-0.361
1.87	-0.7939	-0.4512	-0.3427
1.88	-0.7794	-0.4559	-0.3235
1.89	-0.7635	-0.46	-0.3035
1.9	-0.7462	-0.4635	-0.2826
1.91	-0.7273	-0.4665	-0.2608
1.92	-0.707	-0.4689	-0.2381
1.93	-0.6852	-0.4708	-0.2144
1.94	-0.662	-0.472	-0.19
1.95	-0.6374	-0.4726	-0.1648
1.96	-0.6116	-0.4726	-0.1389
1.97	-0.5847	-0.4721	-0.1126
1.98	-0.557	-0.4709	-0.08614
1.99	-0.5287	-0.4691	-0.05962
2	-0.5	-0.4668	-0.03325
2.01	-0.4711	-0.4639	-0.007212
2.02	-0.4421	-0.4604	0.01829
2.03	-0.4134	-0.4564	0.04305
2.04	-0.385	-0.4519	0.06693
2.05	-0.3572	-0.447	0.08984
2.06	-0.3299	-0.4416	0.1117
2.07	-0.3036	-0.4358	0.1322
2.08	-0.2785	-0.4297	0.1512
2.09	-0.255	-0.4232	0.1682
2.1	-0.2333	-0.4163	0.183
2.11	-0.2138	-0.4093	0.1955
2.12	-0.1964	-0.4019	0.2056
2.13	-0.1809	-0.3944	0.2135
2.14	-0.167	-0.3867	0.2197
2.15	-0.1544	-0.3789	0.2245
2.16	-0.1429	-0.371	0.2281
2.17	-0.1325	-0.363	0.2305
2.18	-0.1237	-0.3549	0.2312
2.19	-0.1167	-0.3469	0.2302
2.2	-0.1113	-0.3389	0.2275
2.21	-0.1077	-0.3309	0.2232
2.22	-0.1053	-0.3229	0.2176
2.23	-0.104	-0.3151	0.2111
2.24	-0.1033	-0.3073	0.204
2.25	-0.1032	-0.2997	0.1964
2.26	-0.1036	-0.2921	0.1885
2.27	-0.1044	-0.2847	0.1803
2.28	-0.1052	-0.2774	0.1722
2.29	-0.1059	-0.2702	0.1643
2.3	-0.1064	-0.2632	0.1568
2.31	-0.1063	-0.2563	0.15
2.32	-0.1056	-0.2495	0.1439
2.33	-0.1043	-0.2429	0.1386
2.34	-0.1022	-0.2363	0.1341
2.35	-0.09948	-0.2299	0.1304
2.36	-0.09617	-0.2235	0.1273
2.37	-0.09228	-0.2172	0.125
2.38	-0.08781	-0.211	0.1232
2.39	-0.08273	-0.2048	0.1221
2.4	-0.07693	-0.1987	0.1218
2.41	-0.07031	-0.1926	0.1223
2.42	-0.06269	-0.1865	0.1238
2.43	-0.0539	-0.1804	0.1265
2.44	-0.04387	-0.1743	0.1304
2.45	-0.03263	-0.1681	0.1355
2.46	-0.0202	-0.1619	0.1417
2.47	-0.006498	-0.1556	0.1491
2.48	0.008566	-0.1493	0.1579
2.49	0.02494	-0.1429	0.1679
2.5	0.04241	-0.1365	0.1789
2.51	0.06078	-0.13	0.1907
2.52	0.07983	-0.1233	0.2032
2.53	0.09936	-0.1167	0.216
2.54	0.1192	-0.1099	0.2291
2.55	0.1392	-0.1031	0.2423
2.56	0.1593	-0.09617	0.2554
2.57	0.1793	-0.08921	0.2685
2.58	0.1991	-0.08222	0.2813
2.59	0.2187	-0.07519	0.2938
2.6	0.2377	-0.06814	0.3059
2.61	0.2562	-0.06108	0.3173
2.62	0.274	-0.05403	0.328
2.63	0.2912	-0.04701	0.3382
2.64	0.3077	-0.04004	0.3478
2.65	0.3237	-0.03313	0.3569
2.66	0.3393	-0.02631	0.3656
2.67	0.3544	-0.01959	0.374
2.68	0.3693	-0.01299	0.3823
2.69	0.3838	-0.006538	0.3904
2.7	0.3979	-0.0002453	0.3982
2.71	0.4114	0.005868	0.4056
2.72	0.424	0.01178	0.4123
2.73	0.4356	0.01749	0.4181
2.74	0.446	0.02296	0.4231
2.75	0.4556	0.02819	0.4274
2.76	0.4644	0.03317	0.4312
2.77	0.4726	0.03789	0.4347
2.78	0.4804	0.04233	0.4381
2.79	0.4877	0.0465	0.4412
2.8	0.4944	0.05038	0.444
2.81	0.5002	0.05397	0.4462
2.82	0.5051	0.05727	0.4479
2.83	0.509	0.06029	0.4487
2.84	0.5118	0.06302	0.4488
2.85	0.5137	0.06548	0.4482
2.86	0.5148	0.06765	0.4472
2.87	0.5155	0.06956	0.446
2.88	0.5163	0.07121	0.4451
2.89	0.5171	0.0726	0.4445
2.9	0.5177	0.07375	0.444
2.91	0.5179	0.07467	0.4432
2.92	0.5175	0.07536	0.4421
2.93	0.5166	0.07584	0.4408
2.94	0.5153	0.07611	0.4392
2.95	0.5137	0.07619	0.4375
2.96	0.5118	0.07607	0.4357
2.97	0.5096	0.07577	0.4338
2.98	0.5069	0.07529	0.4316
2.99	0.5036	0.07463	0.429
3	0.4993	0.0738	0.4255
3.01	0.4938	0.07278	0.421
3.02	0.4871	0.07159	0.4155
3.03	0.4792	0.07021	0.409
3.04	0.4703	0.06863	0.4017
3.05	0.4605	0.06685	0.3937
3.06	0.4501	0.06486	0.3853
3.07	0.439	0.06263	0.3764
3.08	0.4271	0.06015	0.367
3.09	0.4145	0.0574	0.3571
3.1	0.4012	0.05437	0.3469
3.11	0.3873	0.05103	0.3363
3.12	0.3727	0.04735	0.3254
3.13	0.3575	0.04331	0.3141
3.14	0.3414	0.0389	0.3025
3.15	0.3246	0.03407	0.2905
3.16	0.3068	0.02882	0.278
3.17	0.2883	0.02311	0.2652
3.18	0.2692	0.01692	0.2523
3.19	0.2498	0.01023	0.2396
3.2	0.2303	0.003026	0.2273
3.21	0.2108	-0.004712	0.2155
3.22	0.191	-0.013	0.204
3.23	0.1708	-0.02184	0.1926
3.24	0.1498	-0.03124	0.181
3.25	0.128	-0.04121	0.1692
3.26	0.1052	-0.05175	0.157
3.27	0.08187	-0.06284	0.1447
3.28	0.0581	-0.07447	0.1326
3.29	0.03415	-0.08663	0.1208
3.3	0.01016	-0.0993	0.1095
3.31	-0.01376	-0.1124	0.09868
3.32	-0.0376	-0.126	0.08844
3.33	-0.06133	-0.14	0.0787
3.34	-0.08499	-0.1544	0.0694
3.35	-0.1087	-0.1691	0.06041
3.36	-0.1323	-0.184	0.05166
3.37	-0.1559	-0.1992	0.04325
3.38	-0.1791	-0.2144	0.03533
3.39	-0.2019	-0.2298	0.02797
3.4	-0.224	-0.2452	0.02119
3.41	-0.2456	-0.2606	0.01501
3.42	-0.2664	-0.2758	0.009369
3.43	-0.2866	-0.2908	0.004216
3.44	-0.3062	-0.3056	-0.0005819
3.45	-0.3253	-0.32	-0.005233
3.46	-0.3439	-0.3341	-0.009857
3.47	-0.3619	-0.3477	-0.01422
3.48	-0.3787	-0.3607	-0.01801
3.49	-0.3943	-0.3731	-0.02119
3.5	-0.4089	-0.3849	-0.024
3.51	-0.4227	-0.396	-0.02665
3.52	-0.4356	-0.4063	-0.02922
3.53	-0.4476	-0.4159	-0.03173
3.54	-0.4589	-0.4246	-0.03435
3.55	-0.4698	-0.4324	-0.03736
3.56	-0.4803	-0.4394	-0.04098
3.57	-0.4905	-0.4454	-0.04508
3.58	-0.5	-0.4506	-0.04946
3.59	-0.5089	-0.4548	-0.05406
3.6	-0.5171	-0.4582	-0.05895
3.61	-0.5248	-0.4606	-0.0642
3.62	-0.5321	-0.4622	-0.06984
3.63	-0.5389	-0.463	-0.07586
3.64	-0.5452	-0.463	-0.08216
3.65	-0.5508	-0.4622	-0.08861
3.66	-0.5558	-0.4608	-0.09507
3.67	-0.5603	-0.4586	-0.1016
3.68	-0.5644	-0.4559	-0.1084
3.69	-0.5683	-0.4527	-0.1156
3.7	-0.572	-0.449	-0.123
3.71	-0.5755	-0.4449	-0.1306
3.72	-0.5788	-0.4405	-0.1383
3.73	-0.5815	-0.4359	-0.1456
3.74	-0.5837	-0.4311	-0.1527
3.75	-0.5857	-0.4261	-0.1596
3.76	-0.5877	-0.4212	-0.1665
3.77	-0.5895	-0.4163	-0.1732
3.78	-0.591	-0.4115	-0.1795
3.79	-0.5924	-0.4069	-0.1855
3.8	-0.5937	-0.4025	-0.1911
3.81	-0.5949	-0.3984	-0.1965
3.82	-0.5961	-0.3946	-0.2014
3.83	-0.5969	-0.3913	-0.2057
3.84	-0.5973	-0.3883	-0.2091
3.85	-0.5973	-0.3858	-0.2116
3.86	-0.597	-0.3837	-0.2133
3.87	-0.5964	-0.3821	-0.2143
3.88	-0.5958	-0.3811	-0.2148
3.89	-0.5955	-0.3805	-0.215
3.9	-0.5956	-0.3804	-0.2152
3.91	-0.5963	-0.3808	-0.2154
3.92	-0.5971	-0.3817	-0.2154
3.93	-0.5976	-0.383	-0.2145
3.94	-0.5976	-0.3848	-0.2128
3.95	-0.5974	-0.3869	-0.2105
3.96	-0.5971	-0.3894	-0.2077
3.97	-0.5969	-0.3922	-0.2047
3.98	-0.597	-0.3952	-0.2017
3.99	-0.5972	-0.3985	-0.1987
4	-0.5973	-0.4019	-0.1954
4.01	-0.5972	-0.4054	-0.1918
4.02	-0.5968	-0.409	-0.1879
4.03	-0.5961	-0.4126	-0.1835
4.04	-0.595	-0.4161	-0.179
4.05	-0.5937	-0.4195	-0.1742
4.06	-0.5923	-0.4228	-0.1695
4.07	-0.5907	-0.4258	-0.1649
4.08	-0.589	-0.4286	-0.1604
4.09	-0.5871	-0.4312	-0.1559
4.1	-0.5848	-0.4334	-0.1515
4.11	-0.5821	-0.4352	-0.1469
4.12	-0.5792	-0.4366	-0.1425
4.13	-0.5763	-0.4377	-0.1386
4.14	-0.5735	-0.4382	-0.1352
4.15	-0.5703	-0.4383	-0.132
4.16	-0.5666	-0.438	-0.1286
4.17	-0.5625	-0.4372	-0.1253
4.18	-0.5584	-0.4358	-0.1226
4.19	-0.5543	-0.434	-0.1203
4.2	-0.5499	-0.4317	-0.1182
4.21	-0.5452	-0.429	-0.1162
4.22	-0.5398	-0.4257	-0.1141
4.23	-0.5337	-0.422	-0.1117
4.24	-0.527	-0.4179	-0.1091
4.25	-0.5198	-0.4134	-0.1065
4.26	-0.5122	-0.4084	-0.1038
4.27	-0.5044	-0.403	-0.1013
4.28	-0.4963	-0.3973	-0.09897
4.29	-0.4881	-0.3913	-0.09684
4.3	-0.4797	-0.3849	-0.0949
4.31	-0.4713	-0.3781	-0.09312
4.32	-0.4625	-0.3711	-0.09137
4.33	-0.4533	-0.3638	-0.0895
4.34	-0.4438	-0.3562	-0.08754
4.35	-0.4341	-0.3484	-0.0857
4.36	-0.4244	-0.3403	-0.08408
4.37	-0.4142	-0.332	-0.08226
4.38	-0.4031	-0.3234	-0.07971
4.39	-0.391	-0.3146	-0.0764
4.4	-0.3782	-0.3055	-0.07271
4.41	-0.3652	-0.2962	-0.06905
4.42	-0.3522	-0.2866	-0.06558
4.43	-0.3392	-0.2768	-0.06245
4.44	-0.3261	-0.2666	-0.05951
4.45	-0.3126	-0.2562	-0.05637
4.46	-0.2982	-0.2455	-0.05274
4.47	-0.2832	-0.2344	-0.0488
4.48	-0.2679	-0.223	-0.04485
4.49	-0.2523	-0.2113	-0.04105
4.5	-0.2366	-0.1992	-0.03742
4.51	-0.2206	-0.1867	-0.03395
4.52	-0.2043	-0.1738	-0.03054
4.53	-0.1875	-0.1604	-0.02706
4.54	-0.1701	-0.1467	-0.02342
4.55	-0.1521	-0.1325	-0.01959
4.56	-0.1334	-0.1179	-0.01557
4.57	-0.1144	-0.1028	-0.0116
4.58	-0.09516	-0.08724	-0.007921
4.59	-0.07589	-0.07124	-0.004643
4.6	-0.05652	-0.0548	-0.001712
4.61	-0.03705	-0.03792	0.0008757
4.62	-0.01773	-0.02062	0.002888
4.63	0.001155	-0.002896	0.004051
4.64	0.01966	0.01522	0.00444
4.65	0.03819	0.03371	0.004481
4.66	0.05706	0.05254	0.00452
4.67	0.07621	0.0717	0.004519
4.68	0.09549	0.09113	0.004352
4.69	0.115	0.1108	0.004159
4.7	0.1351	0.1307	0.004337
4.71	0.1559	0.1508	0.005118
4.72	0.177	0.171	0.006013
4.73	0.1977	0.1913	0.00637
4.74	0.2177	0.2117	0.00598
4.75	0.2371	0.232	0.005072
4.76	0.2563	0.2524	0.003911
4.77	0.2754	0.2726	0.002828
4.78	0.2949	0.2927	0.002156
4.79	0.3146	0.3126	0.001982
4.8	0.3345	0.3324	0.002142
4.81	0.3544	0.3518	0.002522
4.82	0.3743	0.371	0.003249
4.83	0.3944	0.3899	0.004496
4.84	0.4146	0.4084	0.006197
4.85	0.4345	0.4265	0.008043
4.86	0.4539	0.4442	0.009735
4.87	0.4725	0.4614	0.01106
4.88	0.4901	0.4782	0.01183
4.89	0.5068	0.4945	0.01224
4.9	0.5232	0.5103	0.01285
4.91	0.5397	0.5256	0.01406
4.92	0.556	0.5404	0.0156
4.93	0.5717	0.5546	0.01704
4.94	0.5866	0.5683	0.01831
4.95	0.6012	0.5815	0.01974
4.96	0.6157	0.5941	0.02158
4.97	0.6301	0.6062	0.02389
4.98	0.6444	0.6177	0.02666
4.99	0.6586	0.6287	0.02986
5	0.6726	0.6392	0.03346
5.01	0.6865	0.6491	0.03741
5.02	0.7001	0.6585	0.04155
5.03	0.7131	0.6674	0.04569
5.04	0.7252	0.6758	0.04947
5.05	0.7359	0.6836	0.0523
5.06	0.7447	0.691	0.05379
5.07	0.752	0.6978	0.05426
5.08	0.7583	0.7041	0.05422
5.09	0.7638	0.7099	0.05393
5.1	0.7686	0.7151	0.05345
5.11	0.7727	0.7199	0.05277
5.12	0.7759	0.7241	0.05181
5.13	0.7782	0.7277	0.05044
5.14	0.7798	0.7308	0.04891
5.15	0.7812	0.7334	0.04782
5.16	0.7829	0.7353	0.04758
5.17	0.7844	0.7367	0.0477
5.18	0.785	0.7374	0.04751
5.19	0.7842	0.7376	0.04661
5.2	0.7819	0.737	0.04486
5.21	0.7781	0.7358	0.04225
5.22	0.7731	0.7339	0.03913
5.23	0.7673	0.7313	0.03592
5.24	0.7608	0.728	0.03281
5.25	0.7536	0.7239	0.02969
5.26	0.7456	0.7191	0.02648
5.27	0.7367	0.7135	0.02321
5.28	0.7271	0.7071	0.01992
5.29	0.7166	0.7	0.01665
5.3	0.7054	0.692	0.01346
5.31	0.6936	0.6832	0.01044
5.32	0.6814	0.6736	0.007823
5.33	0.669	0.6632	0.005879
5.34	0.6564	0.6519	0.004512
5.35	0.6432	0.6399	0.003272
5.36	0.6289	0.6271	0.001802
5.37	0.6137	0.6135	0.0001924
5.38	0.5978	0.5991	-0.001359
5.39	0.5814	0.5841	-0.002668
5.4	0.5647	0.5683	-0.003565
5.41	0.5479	0.5518	-0.003944
5.42	0.5308	0.5347	-0.003934
5.43	0.5133	0.517	-0.003726
5.44	0.4954	0.4988	-0.003368
5.45	0.4773	0.48	-0.002778
5.46	0.4589	0.4608	-0.001919
5.47	0.4402	0.4412	-0.0009742
5.48	0.421	0.4212	-0.0001716
5.49	0.4013	0.4009	0.0004693
5.5	0.3814	0.3803	0.001139
5.51	0.3615	0.3596	0.001996
5.52	0.3417	0.3387	0.003043
5.53	0.322	0.3177	0.004232
5.54	0.3021	0.2968	0.005337
5.55	0.2818	0.2759	0.005953
5.56	0.2609	0.2551	0.005836
5.57	0.2399	0.2344	0.005417
5.58	0.2193	0.2141	0.005281
5.59	0.1995	0.1939	0.005574
5.6	0.1802	0.1742	0.006006
5.61	0.1612	0.1548	0.006401
5.62	0.143	0.1359	0.007103
5.63	0.126	0.1174	0.008557
5.64	0.1101	0.09952	0.01059
5.65	0.09457	0.08219	0.01238
5.66	0.07875	0.06547	0.01328
5.67	0.06272	0.0494	0.01333
5.68	0.04671	0.034	0.01271
5.69	0.03062	0.01931	0.01131
5.7	0.01407	0.005337	0.008735
5.71	-0.00313	-0.007892	0.004762
5.72	-0.02033	-0.02037	3.626e-05
5.73	-0.03669	-0.03207	-0.004614
5.74	-0.05199	-0.04301	-0.008974
5.75	-0.06663	-0.05318	-0.01345
5.76	-0.08094	-0.06258	-0.01836
5.77	-0.09481	-0.07122	-0.02359
5.78	-0.108	-0.07911	-0.02893
5.79	-0.1206	-0.08626	-0.03429
5.8	-0.1324	-0.0927	-0.03974
5.81	-0.1437	-0.09843	-0.04527
5.82	-0.1543	-0.1035	-0.05078
5.83	-0.164	-0.1079	-0.0561
5.84	-0.1729	-0.1117	-0.0612
5.85	-0.1811	-0.1149	-0.06617
5.86	-0.1887	-0.1176	-0.07111
5.87	-0.196	-0.1197	-0.07624
5.88	-0.2032	-0.1214	-0.08179
5.89	-0.2101	-0.1226	-0.08753
5.9	-0.2162	-0.1234	-0.0928
5.91	-0.221	-0.1239	-0.09713
5.92	-0.2249	-0.124	-0.1009
5.93	-0.2285	-0.1239	-0.1046
5.94	-0.2317	-0.1235	-0.1082
5.95	-0.2343	-0.1229	-0.1113
5.96	-0.2357	-0.1222	-0.1135
5.97	-0.2365	-0.1213	-0.1151
5.98	-0.2372	-0.1204	-0.1168
5.99	-0.2381	-0.1194	-0.1186
6	-0.239	-0.1185	-0.1205
6.01	-0.2398	-0.1175	-0.1223
6.02	-0.2409	-0.1166	-0.1242
6.03	-0.2423	-0.1159	-0.1264
6.04	-0.2442	-0.1152	-0.129
6.05	-0.2464	-0.1147	-0.1317
6.06	-0.249	-0.1143	-0.1347
6.07	-0.2518	-0.1142	-0.1376
6.08	-0.2548	-0.1143	-0.1405
6.09	-0.2577	-0.1146	-0.1431
6.1	-0.2604	-0.1152	-0.1452
6.11	-0.2626	-0.116	-0.1465
6.12	-0.2644	-0.1172	-0.1473
6.13	-0.266	-0.1186	-0.1474
6.14	-0.2675	-0.1204	-0.1471
6.15	-0.2688	-0.1224	-0.1464
6.16	-0.2701	-0.1248	-0.1454
6.17	-0.2718	-0.1275	-0.1444
6.18	-0.2743	-0.1305	-0.1438
6.19	-0.2774	-0.1338	-0.1436
6.2	-0.2804	-0.1374	-0.143
6.21	-0.2831	-0.1414	-0.1417
6.22	-0.286	-0.1457	-0.1404
6.23	-0.2902	-0.1503	-0.1399
6.24	-0.2954	-0.1552	-0.1402
6.25	-0.3004	-0.1604	-0.14
6.26	-0.3044	-0.1659	-0.1386
6.27	-0.3077	-0.1716	-0.1361
6.28	-0.311	-0.1777	-0.1333
6.29	-0.3144	-0.184	-0.1304
6.3	-0.3178	-0.1906	-0.1272
6.31	-0.3211	-0.1974	-0.1237
6.32	-0.3246	-0.2045	-0.1201
6.33	-0.3287	-0.2118	-0.1169
6.34	-0.3335	-0.2193	-0.1142
6.35	-0.3387	-0.227	-0.1117
6.36	-0.3441	-0.235	-0.1092
6.37	-0.3499	-0.2431	-0.1068
6.38	-0.3564	-0.2514	-0.105
6.39	-0.3632	-0.2598	-0.1033
6.4	-0.3696	-0.2685	-0.1011
6.41	-0.3752	-0.2772	-0.09796
6.42	-0.3802	-0.2861	-0.09404
6.43	-0.385	-0.2951	-0.08989
6.44	-0.39	-0.3042	-0.08576
6.45	-0.3951	-0.3134	-0.08165
6.46	-0.4002	-0.3227	-0.07758
6.47	-0.4056	-0.332	-0.07365
6.48	-0.4112	-0.3413	-0.06994
6.49	-0.4171	-0.3507	-0.06645
6.5	-0.4231	-0.36	-0.06306
6.51	-0.4289	-0.3693	-0.05961
6.52	-0.4345	-0.3786	-0.05587
6.53	-0.4394	-0.3878	-0.0516
6.54	-0.4438	-0.3969	-0.04695
6.55	-0.4483	-0.4058	-0.04246
6.56	-0.4532	-0.4146	-0.03856
6.57	-0.4585	-0.4233	-0.0352
6.58	-0.4639	-0.4317	-0.03219
6.59	-0.4693	-0.4399	-0.02936
6.6	-0.4744	-0.4478	-0.02657
6.61	-0.4792	-0.4554	-0.02371
6.62	-0.4837	-0.4628	-0.02091
6.63	-0.488	-0.4697	-0.01832
6.64	-0.4923	-0.4763	-0.01603
6.65	-0.4964	-0.4824	-0.01403
6.66	-0.5004	-0.4881	-0.01226
6.67	-0.5038	-0.4933	-0.01047
6.68	-0.5064	-0.4981	-0.008322
6.69	-0.508	-0.5023	-0.005697
6.7	-0.5086	-0.506	-0.002633
6.71	-0.5083	-0.5091	0.0007302
6.72	-0.5077	-0.5116	0.003891
6.73	-0.5072	-0.5135	0.006284
6.74	-0.5068	-0.5148	0.007965
6.75	-0.5059	-0.5155	0.009604
6.76	-0.5038	-0.5155	0.01168
6.77	-0.5011	-0.5149	0.01377
6.78	-0.4984	-0.5136	0.01526
6.79	-0.4955	-0.5117	0.01617
6.8	-0.492	-0.5092	0.01712
6.81	-0.4873	-0.506	0.01863
6.82	-0.4816	-0.5021	0.02059
6.83	-0.475	-0.4977	0.02272
6.84	-0.4679	-0.4927	0.02473
6.85	-0.4607	-0.4871	0.02634
6.86	-0.4536	-0.4809	0.02726
6.87	-0.4469	-0.4742	0.02727
6.88	-0.4408	-0.4669	0.02617
6.89	-0.4351	-0.4592	0.02411
6.9	-0.4295	-0.4511	0.02158
6.91	-0.4235	-0.4425	0.01902
6.92	-0.417	-0.4335	0.01653
6.93	-0.4101	-0.4242	0.01412
6.94	-0.4028	-0.4146	0.01179
6.95	-0.3951	-0.4046	0.009519
6.96	-0.3872	-0.3945	0.00729
6.97	-0.3789	-0.3841	0.005166
6.98	-0.3704	-0.3736	0.003215
6.99	-0.3615	-0.3629	0.001376
7	-0.3526	-0.3521	-0.0005432
7.01	-0.3439	-0.3412	-0.002678
7.02	-0.3352	-0.3303	-0.00491
7.03	-0.3264	-0.3194	-0.007055
7.04	-0.3173	-0.3085	-0.008787
7.05	-0.3072	-0.2976	-0.009639
7.06	-0.2961	-0.2868	-0.009375
7.07	-0.2847	-0.276	-0.008704
7.08	-0.2739	-0.2654	-0.008543
7.09	-0.2638	-0.2548	-0.009041
7.1	-0.254	-0.2444	-0.009587
7.11	-0.2438	-0.2341	-0.009665
7.12	-0.2332	-0.2239	-0.009274
7.13	-0.2225	-0.2139	-0.008539
7.14	-0.2115	-0.2041	-0.00747
7.15	-0.2003	-0.1943	-0.005961
7.16	-0.1887	-0.1847	-0.003971
7.17	-0.177	-0.1753	-0.001725
7.18	-0.1655	-0.166	0.0004891
7.19	-0.1544	-0.1568	0.002421
7.2	-0.1439	-0.1478	0.003863
7.21	-0.1341	-0.1389	0.004748
7.22	-0.1245	-0.1301	0.005571
7.23	-0.1144	-0.1213	0.006953
7.24	-0.1036	-0.1127	0.009142
7.25	-0.09218	-0.1042	0.01202
7.26	-0.08038	-0.09575	0.01537
7.27	-0.0687	-0.08738	0.01868
7.28	-0.0577	-0.07909	0.02139
7.29	-0.04781	-0.07086	0.02306
7.3	-0.03927	-0.06271	0.02344
7.31	-0.0321	-0.05462	0.02252
7.32	-0.02534	-0.04661	0.02126
7.33	-0.01783	-0.03867	0.02084
7.34	-0.009633	-0.03082	0.02118
7.35	-0.002046	-0.02306	0.02101
7.36	0.003934	-0.0154	0.01933
7.37	0.008699	-0.007859	0.01656
7.38	0.01298	-0.0004502	0.01343
7.39	0.01726	0.006811	0.01044
7.4	0.02178	0.01391	0.007871
7.41	0.02667	0.02081	0.005854
7.42	0.03163	0.02751	0.004123
7.43	0.03629	0.03398	0.002308
7.44	0.04027	0.04019	7.534e-05
7.45	0.04326	0.04612	-0.002863
7.46	0.04513	0.05175	-0.006618
7.47	0.04646	0.05704	-0.01059
7.48	0.04796	0.06198	-0.01402
7.49	0.04984	0.06654	-0.0167
7.5	0.05173	0.0707	-0.01897
7.51	0.05319	0.07443	-0.02124
7.52	0.05359	0.07771	-0.02412
7.53	0.0523	0.08052	-0.02822
7.54	0.05037	0.08284	-0.03247
7.55	0.05054	0.08466	-0.03412
7.56	0.0545	0.08597	-0.03147
7.57	0.05962	0.08674	-0.02712
7.58	0.06229	0.08699	-0.0247
7.59	0.06163	0.08668	-0.02505
7.6	0.05953	0.08584	-0.02631
7.61	0.05757	0.08445	-0.02689
7.62	0.05561	0.08253	-0.02692
7.63	0.05314	0.08007	-0.02693
7.64	0.05001	0.0771	-0.02708
7.65	0.04648	0.07361	-0.02713
7.66	0.0428	0.06964	-0.02684
7.67	0.03923	0.0652	-0.02597
7.68	0.03602	0.06032	-0.0243
7.69	0.03295	0.05502	-0.02206
7.7	0.02942	0.04932	-0.01991
7.71	0.02498	0.04327	-0.01829
7.72	0.02014	0.03689	-0.01675
7.73	0.01562	0.03022	-0.0146
7.74	0.01177	0.02329	-0.01152
7.75	0.008593	0.01614	-0.007551
7.76	0.006018	0.008821	-0.002802
7.77	0.003694	0.001358	0.002337
7.78	0.001212	-0.006205	0.007418
7.79	-0.001639	-0.01383	0.01219
7.8	-0.004875	-0.02147	0.0166
7.81	-0.008523	-0.0291	0.02058
7.82	-0.0127	-0.03667	0.02397
7.83	-0.01752	-0.04415	0.02663
7.84	-0.02276	-0.0515	0.02874
7.85	-0.02785	-0.0587	0.03084
7.86	-0.03231	-0.0657	0.03339
7.87	-0.03607	-0.07249	0.03642
7.88	-0.03916	-0.07903	0.03987
7.89	-0.0417	-0.0853	0.0436
7.9	-0.04386	-0.09129	0.04742
7.91	-0.0459	-0.09696	0.05106
7.92	-0.04826	-0.1023	0.05406
7.93	-0.05143	-0.1073	0.05591
7.94	-0.05518	-0.112	0.05685
7.95	-0.05853	-0.1164	0.05783
7.96	-0.0608	-0.1203	0.05955
7.97	-0.06236	-0.124	0.06163
7.98	-0.06385	-0.1273	0.06342
7.99	-0.06562	-0.1302	0.0646
8	-0.06768	-0.1328	0.06515
8.01	-0.06996	-0.1351	0.06517
8.02	-0.07203	-0.1371	0.06508
8.03	-0.07336	-0.1388	0.06543
8.04	-0.07333	-0.1402	0.06685
8.05	-0.07123	-0.1413	0.07009
8.06	-0.0669	-0.1422	0.07531
8.07	-0.0625	-0.1429	0.08036
8.08	-0.0607	-0.1433	0.08261
8.09	-0.06185	-0.1436	0.08171
8.1	-0.06407	-0.1436	0.07957
8.11	-0.06552	-0.1436	0.07804
8.12	-0.065	-0.1434	0.07836
8.13	-0.06153	-0.143	0.0815
8.14	-0.05593	-0.1426	0.08666
8.15	-0.05079	-0.1421	0.09128
8.16	-0.04799	-0.1415	0.09348
8.17	-0.04623	-0.1408	0.09457
8.18	-0.04348	-0.1401	0.09661
8.19	-0.03909	-0.1393	0.1002
8.2	-0.03383	-0.1385	0.1047
8.21	-0.02835	-0.1377	0.1093
8.22	-0.0227	-0.1368	0.1141
8.23	-0.01678	-0.1359	0.1191
8.24	-0.01059	-0.1349	0.1243
8.25	-0.004287	-0.1339	0.1296
8.26	0.002039	-0.1329	0.1349
8.27	0.008424	-0.1318	0.1402
8.28	0.01493	-0.1306	0.1455
8.29	0.02128	-0.1293	0.1506
8.3	0.02688	-0.128	0.1549
8.31	0.03124	-0.1266	0.1578
8.32	0.03445	-0.1251	0.1595
8.33	0.03671	-0.1234	0.1601
8.34	0.03821	-0.1216	0.1598
8.35	0.03912	-0.1197	0.1588
8.36	0.03975	-0.1176	0.1573
8.37	0.04097	-0.1153	0.1563
8.38	0.04376	-0.1129	0.1566
8.39	0.04832	-0.1102	0.1585
8.4	0.05404	-0.1074	0.1614
8.41	0.06029	-0.1043	0.1646
8.42	0.06632	-0.1011	0.1674
8.43	0.0714	-0.09759	0.169
8.44	0.07532	-0.09391	0.1692
8.45	0.07841	-0.09001	0.1684
8.46	0.08097	-0.08592	0.1669
8.47	0.08315	-0.08162	0.1648
8.48	0.08507	-0.07714	0.1622
8.49	0.08694	-0.07248	0.1594
8.5	0.08908	-0.06766	0.1567
8.51	0.09166	-0.06269	0.1544
8.52	0.0944	-0.0576	0.152
8.53	0.09687	-0.0524	0.1493
8.54	0.09903	-0.04712	0.1461
8.55	0.1012	-0.04178	0.143
8.56	0.1036	-0.03641	0.14
8.57	0.1062	-0.03103	0.1373
8.58	0.1089	-0.02568	0.1346
8.59	0.1118	-0.02038	0.1322
8.6	0.1154	-0.01516	0.1305
8.61	0.12	-0.01006	0.13
8.62	0.1249	-0.005089	0.13
8.63	0.1296	-0.0002889	0.1299
8.64	0.1333	0.004316	0.129
8.65	0.1357	0.008701	0.127
8.66	0.1366	0.01284	0.1237
8.67	0.1363	0.01671	0.1196
8.68	0.1354	0.02029	0.1151
8.69	0.1342	0.02357	0.1106
8.7	0.1328	0.02652	0.1062
8.71	0.1312	0.02914	0.1021
8.72	0.1295	0.03141	0.09807
8.73	0.1273	0.03332	0.09401
8.74	0.125	0.03488	0.09014
8.75	0.1231	0.03608	0.08702
8.76	0.1219	0.03692	0.08499
8.77	0.1209	0.03741	0.08353
8.78	0.1194	0.03755	0.08186
8.79	0.117	0.03736	0.0796
8.8	0.1136	0.03684	0.07672
8.81	0.1094	0.03602	0.07336
8.82	0.1052	0.03491	0.07031
8.83	0.102	0.03354	0.06844
8.84	0.09988	0.03192	0.06797
8.85	0.09845	0.03007	0.06838
8.86	0.09727	0.02803	0.06924
8.87	0.0963	0.02582	0.07048
8.88	0.09557	0.02346	0.07211
8.89	0.09502	0.02098	0.07403
8.9	0.09444	0.01841	0.07603
8.91	0.09363	0.01578	0.07785
8.92	0.09225	0.0131	0.07915
8.93	0.08998	0.01041	0.07957
8.94	0.08665	0.007723	0.07893
8.95	0.08227	0.005069	0.0772
8.96	0.07705	0.002467	0.07458
8.97	0.07187	-6.618e-05	0.07193
8.98	0.06776	-0.002512	0.07027
8.99	0.06488	-0.004857	0.06974
9	0.0625	-0.007088	0.06959
9.01	0.05971	-0.009195	0.0689
9.02	0.055	-0.01117	0.06617
9.03	0.04688	-0.01301	0.05989
9.04	0.03711	-0.0147	0.05181
9.05	0.03069	-0.01626	0.04695
9.06	0.0311	-0.01767	0.04877
9.07	0.03506	-0.01894	0.05401
9.08	0.03774	-0.02008	0.05783
9.09	0.03739	-0.02109	0.05848
9.1	0.03532	-0.02199	0.05731
9.11	0.03277	-0.02276	0.05553
9.12	0.03004	-0.02344	0.05347
9.13	0.0272	-0.02402	0.05122
9.14	0.02419	-0.02452	0.04871
9.15	0.02081	-0.02495	0.04576
9.16	0.01701	-0.02531	0.04233
9.17	0.0134	-0.02563	0.03903
9.18	0.01072	-0.0259	0.03662
9.19	0.009143	-0.02614	0.03528
9.2	0.008248	-0.02635	0.03459
9.21	0.007638	-0.02654	0.03417
9.22	0.007095	-0.02671	0.03381
9.23	0.006451	-0.02687	0.03332
9.24	0.005705	-0.02702	0.03273
9.25	0.005031	-0.02716	0.03219
9.26	0.004525	-0.02729	0.03181
9.27	0.003965	-0.0274	0.03137
9.28	0.003064	-0.02749	0.03055
9.29	0.00197	-0.02755	0.02952
9.3	0.001263	-0.02758	0.02885
9.31	0.001381	-0.02756	0.02895
9.32	0.002105	-0.02749	0.0296
9.33	0.003052	-0.02735	0.0304
9.34	0.003773	-0.02713	0.0309
9.35	0.003757	-0.02682	0.03057
9.36	0.002733	-0.0264	0.02913
9.37	0.001392	-0.02585	0.02725
9.38	0.0006509	-0.02518	0.02583
9.39	0.00102	-0.02435	0.02537
9.4	0.002603	-0.02337	0.02597
9.41	0.005312	-0.02221	0.02752
9.42	0.008364	-0.02087	0.02923
9.43	0.01083	-0.01933	0.03016
9.44	0.01246	-0.01759	0.03005
9.45	0.01367	-0.01564	0.02931
9.46	0.01495	-0.01348	0.02843
9.47	0.01695	-0.0111	0.02804
9.48	0.0203	-0.008497	0.0288
9.49	0.02489	-0.005678	0.03057
9.5	0.02984	-0.002645	0.03248
9.51	0.03442	0.0005997	0.03382
9.52	0.03869	0.004048	0.03464
9.53	0.04288	0.00769	0.03519
9.54	0.04688	0.01152	0.03536
9.55	0.05018	0.01551	0.03466
9.56	0.05251	0.01967	0.03285
9.57	0.05461	0.02396	0.03065
9.58	0.05739	0.02838	0.029
9.59	0.06099	0.03291	0.02808
9.6	0.06475	0.03752	0.02722
9.61	0.06813	0.04221	0.02593
9.62	0.07125	0.04694	0.02432
9.63	0.07437	0.0517	0.02268
9.64	0.07792	0.05646	0.02146
9.65	0.08246	0.06122	0.02124
9.66	0.08811	0.06595	0.02216
9.67	0.09312	0.07063	0.02248
9.68	0.09534	0.07525	0.02009
9.69	0.09479	0.07979	0.015
9.7	0.09357	0.08423	0.009342
9.71	0.09368	0.08857	0.005111
9.72	0.09617	0.0928	0.003376
9.73	0.1018	0.0969	0.004898
9.74	0.1096	0.1009	0.008744
9.75	0.117	0.1047	0.01229
9.76	0.1219	0.1084	0.01351
9.77	0.1251	0.1119	0.01318
9.78	0.128	0.1153	0.0127
9.79	0.1315	0.1186	0.01289
9.8	0.1357	0.1217	0.01396
9.81	0.1406	0.1247	0.01595
9.82	0.1459	0.1275	0.01839
9.83	0.1509	0.1303	0.02067
9.84	0.1552	0.1329	0.02233
9.85	0.1585	0.1354	0.02308
9.86	0.1606	0.1378	0.02283
9.87	0.1625	0.1401	0.02236
9.88	0.1649	0.1424	0.02258
9.89	0.1678	0.1445	0.02328
9.9	0.1697	0.1466	0.02306
9.91	0.1696	0.1486	0.02097
9.92	0.1685	0.1506	0.01793
9.93	0.1678	0.1525	0.01528
9.94	0.1677	0.1543	0.01341
9.95	0.1678	0.1561	0.0117
9.96	0.1676	0.1579	0.009744
9.97	0.1676	0.1596	0.008057
9.98	0.1685	0.1612	0.007352
9.99	0.1703	0.1627	0.007541
10	0.1719	0.1642	0.007726
10.01	0.1727	0.1656	0.007116
10.02	0.1723	0.1669	0.005465
10.03	0.1707	0.168	0.002693
10.04	0.1684	0.1691	-0.0006926
10.05	0.1664	0.17	-0.003593
10.06	0.1655	0.1707	-0.005201
10.07	0.1653	0.1713	-0.005972
10.08	0.165	0.1716	-0.006658
10.09	0.1642	0.1718	-0.007613
10.1	0.1629	0.1717	-0.008791
10.11	0.1612	0.1714	-0.01014
10.12	0.1591	0.1708	-0.01166
10.13	0.1565	0.1699	-0.01335
10.14	0.1534	0.1687	-0.0153
10.15	0.1495	0.1671	-0.01761
10.16	0.145	0.1653	-0.02027
10.17	0.1405	0.1631	-0.0226
10.18	0.1368	0.1606	-0.0238
10.19	0.1341	0.1577	-0.02362
10.2	0.1321	0.1545	-0.02232
10.21	0.1306	0.1509	-0.02026
10.22	0.1288	0.1469	-0.01808
10.23	0.1262	0.1426	-0.01645
10.24	0.1227	0.138	-0.01534
10.25	0.119	0.133	-0.01403
10.26	0.1159	0.1278	-0.01186
10.27	0.1138	0.1222	-0.008434
10.28	0.1129	0.1164	-0.003474
10.29	0.1127	0.1103	0.002352
10.3	0.1115	0.104	0.007436
10.31	0.1081	0.09756	0.01059
10.32	0.1034	0.09092	0.01247
10.33	0.09835	0.08417	0.01419
10.34	0.09385	0.07732	0.01653
10.35	0.09039	0.07042	0.01996
10.36	0.08819	0.06351	0.02468
10.37	0.08639	0.05663	0.02976
10.38	0.08387	0.04981	0.03406
10.39	0.08035	0.0431	0.03724
10.4	0.07633	0.03654	0.03979
10.41	0.07233	0.03016	0.04218
10.42	0.06869	0.024	0.04469
10.43	0.06566	0.0181	0.04757
10.44	0.06313	0.01249	0.05064
10.45	0.06058	0.007211	0.05337
10.46	0.05765	0.00229	0.05536
10.47	0.05472	-0.002245	0.05696
10.48	0.05234	-0.006368	0.0587
10.49	0.05115	-0.01006	0.0612
10.5	0.05189	-0.01329	0.06517
10.51	0.0548	-0.01605	0.07085
10.52	0.05821	-0.01832	0.07653
10.53	0.06	-0.0201	0.0801
10.54	0.05982	-0.02138	0.0812
10.55	0.05904	-0.02216	0.0812
10.56	0.05881	-0.02244	0.08125
10.57	0.05906	-0.02221	0.08127
10.58	0.0594	-0.0215	0.0809
10.59	0.05956	-0.02031	0.07986
10.6	0.05937	-0.01865	0.07802
10.61	0.05882	-0.01655	0.07538
10.62	0.05848	-0.01403	0.0725
10.63	0.05901	-0.0111	0.07011
10.64	0.06052	-0.007792	0.06832
10.65	0.06253	-0.004139	0.06667
10.66	0.06435	-0.0001679	0.06452
10.67	0.06459	0.004089	0.0605
10.68	0.06175	0.008599	0.05315
10.69	0.05632	0.01333	0.04299
10.7	0.05075	0.01824	0.03251
10.71	0.04723	0.0233	0.02393
10.72	0.04644	0.02846	0.01798
10.73	0.04865	0.0337	0.01495
10.74	0.05281	0.03898	0.01383
10.75	0.05658	0.04426	0.01232
10.76	0.05828	0.0495	0.008779
10.77	0.05922	0.05468	0.004539
10.78	0.06133	0.05975	0.001584
10.79	0.06486	0.06468	0.0001765
10.8	0.06831	0.06946	-0.001147
10.81	0.07044	0.07403	-0.003595
10.82	0.07133	0.07839	-0.007062
10.83	0.07139	0.0825	-0.01111
10.84	0.07107	0.08634	-0.01527
10.85	0.07086	0.08989	-0.01902
10.86	0.0712	0.09312	-0.02193
10.87	0.07225	0.09604	-0.02378
10.88	0.07413	0.09861	-0.02448
10.89	0.07651	0.1008	-0.02433
10.9	0.07863	0.1027	-0.02407
10.91	0.07992	0.1042	-0.02427
10.92	0.08061	0.1053	-0.02471
10.93	0.0811	0.1061	-0.02497
10.94	0.08156	0.1064	-0.02488
10.95	0.08196	0.1064	-0.02449
10.96	0.08218	0.1061	-0.0239
10.97	0.08192	0.1053	-0.02343
10.98	0.08083	0.1043	-0.02343
10.99	0.07897	0.1028	-0.02386
11	0.07674	0.1011	-0.02432
11.01	0.07455	0.09898	-0.02442
11.02	0.07264	0.09658	-0.02394
11.03	0.07119	0.09389	-0.0227
11.04	0.07035	0.09092	-0.02056
11.05	0.07024	0.08768	-0.01744
11.06	0.07077	0.0842	-0.01343
11.07	0.07115	0.0805	-0.009346
11.08	0.0704	0.07658	-0.006179
11.09	0.06801	0.07247	-0.004457
11.1	0.06393	0.06819	-0.004257
11.11	0.05835	0.06375	-0.005393
11.12	0.05244	0.05917	-0.006722
11.13	0.04755	0.05446	-0.006913
11.14	0.0438	0.04965	-0.005851
11.15	0.04011	0.04475	-0.004636
11.16	0.0356	0.03977	-0.004171
11.17	0.03038	0.03473	-0.004358
11.18	0.02479	0.02964	-0.004856
11.19	0.01905	0.02451	-0.005467
11.2	0.01322	0.01936	-0.006134
11.21	0.007341	0.01418	-0.006843
11.22	0.001277	0.008999	-0.007721
11.23	-0.005111	0.00381	-0.008921
11.24	-0.01173	-0.001378	-0.01035
11.25	-0.01826	-0.00656	-0.0117
11.26	-0.0244	-0.01173	-0.01266
11.27	-0.03009	-0.0169	-0.0132
11.28	-0.03533	-0.02205	-0.01328
11.29	-0.04024	-0.02719	-0.01305
11.3	-0.04505	-0.03233	-0.01272
11.31	-0.05001	-0.03745	-0.01256
11.32	-0.05545	-0.04258	-0.01287
11.33	-0.06166	-0.0477	-0.01396
11.34	-0.06841	-0.05284	-0.01557
11.35	-0.07488	-0.05798	-0.01691
11.36	-0.0804	-0.06314	-0.01726
11.37	-0.08479	-0.06832	-0.01647
11.38	-0.08808	-0.07352	-0.01456
11.39	-0.09092	-0.07876	-0.01216
11.4	-0.0946	-0.08404	-0.01056
11.41	-0.1001	-0.08936	-0.01071
11.42	-0.1067	-0.09472	-0.01198
11.43	-0.1135	-0.1001	-0.0134
11.44	-0.1202	-0.1056	-0.01464
11.45	-0.1271	-0.1111	-0.01599
11.46	-0.1343	-0.1167	-0.01763
11.47	-0.1415	-0.1223	-0.01921
11.48	-0.1482	-0.128	-0.02024
11.49	-0.1541	-0.1337	-0.02043
11.5	-0.1591	-0.1394	-0.01969
11.51	-0.1633	-0.1452	-0.01808
11.52	-0.1673	-0.1511	-0.01625
11.53	-0.1719	-0.1569	-0.01495
11.54	-0.1772	-0.1628	-0.01445
11.55	-0.1832	-0.1687	-0.01453
11.56	-0.1893	-0.1745	-0.01483
11.57	-0.1949	-0.1803	-0.01461
11.58	-0.1992	-0.1861	-0.01302
11.59	-0.2022	-0.1919	-0.01032
11.6	-0.2053	-0.1976	-0.007768
11.61	-0.2095	-0.2032	-0.006348
11.62	-0.2143	-0.2087	-0.005615
11.63	-0.2188	-0.214	-0.0048
11.64	-0.2231	-0.2193	-0.00375
11.65	-0.2273	-0.2244	-0.002933
11.66	-0.2321	-0.2294	-0.002757
11.67	-0.2375	-0.2342	-0.0033
11.68	-0.2433	-0.2388	-0.004538
11.69	-0.2492	-0.2431	-0.006079
11.7	-0.2545	-0.2473	-0.00716
11.71	-0.2585	-0.2513	-0.007208
11.72	-0.2615	-0.255	-0.006478
11.73	-0.264	-0.2585	-0.005417
11.74	-0.266	-0.2618	-0.00421
11.75	-0.2676	-0.2648	-0.002775
11.76	-0.2686	-0.2676	-0.001063
11.77	-0.2693	-0.2701	0.0007926
11.78	-0.2698	-0.2724	0.002618
11.79	-0.2702	-0.2744	0.004228
11.8	-0.2708	-0.2762	0.005435
11.81	-0.2717	-0.2778	0.00616
11.82	-0.2724	-0.2792	0.006775
11.83	-0.2726	-0.2804	0.007745
11.84	-0.2723	-0.2813	0.009053
11.85	-0.2719	-0.2822	0.01021
11.86	-0.272	-0.2828	0.01079
11.87	-0.2725	-0.2833	0.0108
11.88	-0.2733	-0.2837	0.01036
11.89	-0.2741	-0.2839	0.009839
11.9	-0.2742	-0.2841	0.009921
11.91	-0.2733	-0.2842	0.01096
11.92	-0.2722	-0.2843	0.01203
11.93	-0.2724	-0.2843	0.01191
11.94	-0.2737	-0.2843	0.0106
11.95	-0.2751	-0.2843	0.009236
11.96	-0.2757	-0.2843	0.008664
11.97	-0.2761	-0.2844	0.00825
11.98	-0.2774	-0.2845	0.007035
11.99	-0.2795	-0.2846	0.005132
12	-0.2812	-0.2849	0.003719
12.01	-0.2814	-0.2852	0.003735
12.02	-0.2806	-0.2856	0.004966
12.03	-0.2791	-0.2861	0.00692
12.04	-0.2774	-0.2866	0.009274
12.05	-0.2754	-0.2873	0.01188
12.06	-0.2736	-0.2881	0.0145
12.07	-0.2723	-0.2889	0.01658
12.08	-0.2723	-0.2899	0.01751
12.09	-0.2736	-0.2909	0.01725
12.1	-0.2756	-0.2919	0.01638
12.11	-0.2775	-0.2931	0.01554
12.12	-0.2787	-0.2942	0.01557
12.13	-0.2781	-0.2955	0.01735
12.14	-0.2766	-0.2967	0.02011
12.15	-0.2764	-0.2979	0.02152
12.16	-0.2791	-0.2991	0.01995
12.17	-0.2834	-0.3003	0.0169
12.18	-0.2867	-0.3014	0.01463
12.19	-0.2883	-0.3024	0.01409
12.2	-0.2884	-0.3034	0.015
12.21	-0.2875	-0.3042	0.01679
12.22	-0.287	-0.305	0.01802
12.23	-0.2885	-0.3056	0.01711
12.24	-0.2917	-0.306	0.0143
12.25	-0.2947	-0.3063	0.0116
12.26	-0.2958	-0.3065	0.01063
12.27	-0.2954	-0.3064	0.01102
12.28	-0.2943	-0.3062	0.01192
12.29	-0.2928	-0.3057	0.01295
12.3	-0.2909	-0.3051	0.01422
12.31	-0.2885	-0.3043	0.01581
12.32	-0.2857	-0.3032	0.01751
12.33	-0.2829	-0.302	0.01907
12.34	-0.2805	-0.3006	0.02005
12.35	-0.2791	-0.2989	0.01984
12.36	-0.2789	-0.2971	0.01823
12.37	-0.2786	-0.2952	0.01662
12.38	-0.2763	-0.2931	0.01675
12.39	-0.2725	-0.2908	0.01826
12.4	-0.2697	-0.2884	0.0187
12.41	-0.2695	-0.2859	0.01635
12.42	-0.2705	-0.2832	0.01272
12.43	-0.2704	-0.2805	0.01008
12.44	-0.269	-0.2777	0.008787
12.45	-0.2676	-0.2749	0.007314
12.46	-0.2674	-0.2721	0.004618
12.47	-0.2673	-0.2692	0.001914
12.48	-0.2654	-0.2663	0.0009286
12.49	-0.2613	-0.2634	0.002168
12.5	-0.2557	-0.2606	0.004917
12.51	-0.2495	-0.2578	0.008292
12.52	-0.2441	-0.2551	0.01095
12.53	-0.2409	-0.2524	0.01149
12.54	-0.2402	-0.2498	0.009645
12.55	-0.241	-0.2473	0.006327
12.56	-0.2423	-0.2449	0.002528
12.57	-0.2431	-0.2425	-0.0005698
12.58	-0.2421	-0.2403	-0.001771
12.59	-0.2387	-0.2382	-0.000536
12.6	-0.2331	-0.2361	0.003015
12.61	-0.2256	-0.2342	0.008542
12.62	-0.2173	-0.2323	0.01494
12.63	-0.2096	-0.2305	0.02092
12.64	-0.2031	-0.2287	0.02569
12.65	-0.1981	-0.2271	0.02893
12.66	-0.1948	-0.2254	0.03064
12.67	-0.1917	-0.2238	0.03214
12.68	-0.1873	-0.2222	0.03497
12.69	-0.1817	-0.2207	0.03894
12.7	-0.1769	-0.2191	0.04216
12.71	-0.1741	-0.2174	0.0433
12.72	-0.1721	-0.2157	0.04368
12.73	-0.1688	-0.214	0.04522
12.74	-0.1638	-0.2122	0.04839
12.75	-0.1581	-0.2103	0.0522
12.76	-0.1524	-0.2082	0.05587
12.77	-0.1464	-0.2061	0.05965
12.78	-0.1397	-0.2038	0.06405
12.79	-0.1323	-0.2013	0.06905
12.8	-0.1246	-0.1987	0.07411
12.81	-0.1171	-0.1959	0.07881
12.82	-0.1098	-0.193	0.08319
12.83	-0.1024	-0.1898	0.08739
12.84	-0.09539	-0.1865	0.09107
12.85	-0.08947	-0.1829	0.09346
12.86	-0.08508	-0.1792	0.0941
12.87	-0.08117	-0.1752	0.09407
12.88	-0.07633	-0.1711	0.09477
12.89	-0.07046	-0.1668	0.0963
12.9	-0.06477	-0.1622	0.09746
12.91	-0.06011	-0.1575	0.09742
12.92	-0.05575	-0.1527	0.09691
12.93	-0.05057	-0.1476	0.09703
12.94	-0.04436	-0.1424	0.09804
12.95	-0.03777	-0.1371	0.09929
12.96	-0.03137	-0.1316	0.1002
12.97	-0.02537	-0.126	0.1006
12.98	-0.01985	-0.1203	0.1004
12.99	-0.01498	-0.1145	0.09953
13	-0.01096	-0.1086	0.09769
13.01	-0.007945	-0.1027	0.09478
13.02	-0.006003	-0.09676	0.09076
13.03	-0.005127	-0.09076	0.08564
13.04	-0.004651	-0.08475	0.0801
13.05	-0.003248	-0.07873	0.07548
13.06	3.535e-05	-0.07273	0.07276
13.07	0.004545	-0.06674	0.07129
13.08	0.00923	-0.0608	0.07003
13.09	0.01315	-0.0549	0.06805
13.1	0.01548	-0.04906	0.06454
13.11	0.01572	-0.04328	0.059
13.12	0.01464	-0.03759	0.05222
13.13	0.01334	-0.03197	0.04531
13.14	0.01271	-0.02645	0.03916
13.15	0.01349	-0.02102	0.03451
13.16	0.01606	-0.01569	0.03174
13.17	0.01946	-0.01046	0.02993
13.18	0.02247	-0.005342	0.02781
13.19	0.02411	-0.0003306	0.02444
13.2	0.0237	0.004571	0.01913
13.21	0.02125	0.009362	0.01188
13.22	0.01945	0.01404	0.00541
13.23	0.02155	0.01862	0.002931
13.24	0.02715	0.02308	0.004072
13.25	0.0323	0.02744	0.00486
13.26	0.03399	0.03169	0.002298
13.27	0.03374	0.03584	-0.002095
13.28	0.03415	0.03988	-0.005738
13.29	0.03618	0.04383	-0.007652
13.3	0.03922	0.04769	-0.008463
13.31	0.04267	0.05144	-0.008778
13.32	0.04624	0.05511	-0.008867
13.33	0.04976	0.05869	-0.008923
13.34	0.05289	0.06217	-0.009281
13.35	0.05515	0.06557	-0.01042
13.36	0.05636	0.06888	-0.01252
13.37	0.05758	0.07211	-0.01453
13.38	0.06012	0.07525	-0.01513
13.39	0.06381	0.07831	-0.0145
13.4	0.06703	0.08128	-0.01425
13.41	0.06865	0.08416	-0.01552
13.42	0.06978	0.08697	-0.01719
13.43	0.07202	0.08968	-0.01766
13.44	0.07497	0.09231	-0.01734
13.45	0.07618	0.09486	-0.01868
13.46	0.07381	0.09731	-0.02351
13.47	0.06873	0.09968	-0.03095
13.48	0.06248	0.102	-0.03948
13.49	0.05677	0.1041	-0.04738
13.5	0.05342	0.1063	-0.05283
13.51	0.05361	0.1083	-0.05465
13.52	0.05589	0.1102	-0.0543
13.53	0.05818	0.112	-0.05385
13.54	0.05958	0.1138	-0.0542
13.55	0.0603	0.1154	-0.05515
13.56	0.06053	0.117	-0.05649
13.57	0.06012	0.1185	-0.0584
13.58	0.05885	0.12	-0.06111
13.59	0.05726	0.1213	-0.06404
13.6	0.05671	0.1226	-0.06587
13.61	0.05819	0.1238	-0.0656
13.62	0.06122	0.1249	-0.06373
13.63	0.06493	0.126	-0.06111
13.64	0.06875	0.1271	-0.05833
13.65	0.07238	0.1281	-0.05569
13.66	0.0755	0.129	-0.05352
13.67	0.0776	0.1299	-0.05233
13.68	0.0782	0.1308	-0.05261
13.69	0.07762	0.1317	-0.05405
13.7	0.07705	0.1325	-0.05545
13.71	0.07741	0.1333	-0.05591
13.72	0.07849	0.1341	-0.05563
13.73	0.0798	0.1349	-0.05513
13.74	0.08089	0.1357	-0.05484
13.75	0.0814	0.1365	-0.05513
13.76	0.08113	0.1373	-0.05622
13.77	0.08052	0.1382	-0.05764
13.78	0.08017	0.139	-0.05881
13.79	0.08	0.1398	-0.05982
13.8	0.07924	0.1407	-0.06143
13.81	0.07744	0.1415	-0.06411
13.82	0.07546	0.1424	-0.06696
13.83	0.07452	0.1433	-0.06879
13.84	0.07558	0.1442	-0.06862
13.85	0.07939	0.1451	-0.06572
13.86	0.08589	0.146	-0.06012
13.87	0.09195	0.1469	-0.05497
13.88	0.09383	0.1478	-0.05399
13.89	0.0919	0.1487	-0.05681
13.9	0.09067	0.1496	-0.05892
13.91	0.09318	0.1504	-0.05726
13.92	0.09595	0.1513	-0.05531
13.93	0.09411	0.1521	-0.05794
13.94	0.08755	0.1528	-0.06525
13.95	0.08093	0.1535	-0.07257
13.96	0.07813	0.1541	-0.07601
13.97	0.079	0.1547	-0.07573
13.98	0.08236	0.1552	-0.07287
13.99	0.08646	0.1557	-0.06921
14	0.08893	0.156	-0.0671
14.01	0.08828	0.1563	-0.06802
14.02	0.08668	0.1565	-0.06979
14.03	0.08707	0.1565	-0.06948
14.04	0.08989	0.1565	-0.06664
14.05	0.093	0.1564	-0.0634
14.06	0.09458	0.1562	-0.06157
14.07	0.0945	0.1558	-0.0613
14.08	0.09305	0.1553	-0.06229
14.09	0.09119	0.1548	-0.06357
14.1	0.09053	0.1541	-0.06353
14.11	0.09209	0.1533	-0.06116
14.12	0.09444	0.1523	-0.05789
14.13	0.09557	0.1513	-0.05572
14.14	0.09473	0.1501	-0.0554
14.15	0.09241	0.1489	-0.05647
14.16	0.08919	0.1475	-0.05832
14.17	0.08597	0.146	-0.06007
14.18	0.08366	0.1445	-0.06082
14.19	0.08233	0.1428	-0.06047
14.2	0.08125	0.1411	-0.0598
14.21	0.07957	0.1392	-0.05964
14.22	0.0762	0.1373	-0.06108
14.23	0.0701	0.1353	-0.06517
14.24	0.06239	0.1332	-0.0708
14.25	0.05633	0.131	-0.07471
14.26	0.05438	0.1288	-0.07445
14.27	0.05536	0.1265	-0.07118
14.28	0.05723	0.1242	-0.06696
14.29	0.05847	0.1218	-0.06332
14.3	0.0581	0.1193	-0.06124
14.31	0.05555	0.1168	-0.06129
14.32	0.05176	0.1143	-0.06252
14.33	0.04801	0.1117	-0.06366
14.34	0.04476	0.109	-0.06426
14.35	0.04161	0.1063	-0.0647
14.36	0.03832	0.1036	-0.06524
14.37	0.03541	0.1007	-0.06534
14.38	0.03354	0.0979	-0.06436
14.39	0.03253	0.09499	-0.06246
14.4	0.03137	0.09203	-0.06066
14.41	0.02914	0.08902	-0.05988
14.42	0.02559	0.08594	-0.06035
14.43	0.02066	0.08281	-0.06215
14.44	0.01524	0.07962	-0.06438
14.45	0.01121	0.07636	-0.06515
14.46	0.009781	0.07304	-0.06326
14.47	0.009438	0.06965	-0.06021
14.48	0.00805	0.06619	-0.05814
14.49	0.005096	0.06265	-0.05756
14.5	0.001667	0.05905	-0.05738
14.51	-0.001389	0.05537	-0.05676
14.52	-0.004469	0.05161	-0.05608
14.53	-0.008251	0.04779	-0.05604
14.54	-0.01271	0.04388	-0.05659
14.55	-0.01712	0.03991	-0.05703
14.56	-0.02106	0.03586	-0.05692
14.57	-0.02551	0.03175	-0.05726
14.58	-0.03174	0.02757	-0.05931
14.59	-0.0397	0.02333	-0.06303
14.6	-0.04806	0.01903	-0.06709
14.61	-0.05555	0.01468	-0.07023
14.62	-0.06144	0.01028	-0.07171
14.63	-0.06511	0.005832	-0.07094
14.64	-0.06638	0.001352	-0.06773
14.65	-0.06547	-0.003157	-0.06231
14.66	-0.06278	-0.007688	-0.05509
14.67	-0.05938	-0.01223	-0.04714
14.68	-0.05647	-0.01679	-0.03968
14.69	-0.05489	-0.02134	-0.03355
14.7	-0.05511	-0.02589	-0.02922
14.71	-0.05736	-0.03041	-0.02695
14.72	-0.06105	-0.03492	-0.02613
14.73	-0.0654	-0.03939	-0.02602
14.74	-0.07023	-0.04382	-0.02642
14.75	-0.07593	-0.0482	-0.02773
14.76	-0.08258	-0.05253	-0.03006
14.77	-0.08898	-0.05679	-0.03219
14.78	-0.09361	-0.06098	-0.03263
14.79	-0.09591	-0.0651	-0.03081
14.8	-0.09623	-0.06914	-0.02709
14.81	-0.09518	-0.0731	-0.02209
14.82	-0.09435	-0.07696	-0.01739
14.83	-0.09547	-0.08072	-0.01475
14.84	-0.09838	-0.08439	-0.01399
14.85	-0.101	-0.08796	-0.01307
14.86	-0.1019	-0.09142	-0.01047
14.87	-0.1018	-0.09477	-0.007023
14.88	-0.1021	-0.09802	-0.004118
14.89	-0.1033	-0.1012	-0.002154
14.9	-0.1047	-0.1042	-0.0005357
14.91	-0.1059	-0.1071	0.001169
14.92	-0.1074	-0.1099	0.002572
14.93	-0.1095	-0.1126	0.003114
14.94	-0.1122	-0.1152	0.003034
14.95	-0.1143	-0.1177	0.003368
14.96	-0.1152	-0.1201	0.004849
14.97	-0.1155	-0.1224	0.006854
14.98	-0.1161	-0.1246	0.00844
14.99	-0.1175	-0.1266	0.009165
15	-0.1195	-0.1286	0.009087
15.01	-0.122	-0.1305	0.008517
15.02	-0.1236	-0.1323	0.008685
15.03	-0.123	-0.134	0.01098
15.04	-0.1205	-0.1356	0.01513
15.05	-0.118	-0.1371	0.01918
15.06	-0.1169	-0.1386	0.02162
15.07	-0.1171	-0.1399	0.02284
15.08	-0.1174	-0.1412	0.02375
15.09	-0.1173	-0.1423	0.02506
15.1	-0.1161	-0.1434	0.02733
15.11	-0.1135	-0.1444	0.03089
15.12	-0.1102	-0.1453	0.03514
15.13	-0.1069	-0.1461	0.03925
15.14	-0.1045	-0.1469	0.04237
15.15	-0.1039	-0.1475	0.04361
15.16	-0.1054	-0.1481	0.04263
15.17	-0.1073	-0.1485	0.04124
15.18	-0.1072	-0.1489	0.04166
15.19	-0.1052	-0.1492	0.04397
15.2	-0.1033	-0.1494	0.04601
15.21	-0.1031	-0.1495	0.04635
15.22	-0.1028	-0.1495	0.04661
15.23	-0.1002	-0.1494	0.04913
15.24	-0.09484	-0.1492	0.05431
15.25	-0.0882	-0.1489	0.06066
15.26	-0.08172	-0.1485	0.06675
15.27	-0.07608	-0.148	0.07189
15.28	-0.07177	-0.1474	0.0756
15.29	-0.06848	-0.1467	0.0782
15.3	-0.06511	-0.1459	0.08076
15.31	-0.06091	-0.145	0.08407
15.32	-0.05644	-0.144	0.08753
15.33	-0.05261	-0.1429	0.09025
15.34	-0.04972	-0.1417	0.09194
15.35	-0.04742	-0.1403	0.09292
15.36	-0.04531	-0.1389	0.09362
15.37	-0.04285	-0.1374	0.09457
15.38	-0.03947	-0.1358	0.09633
15.39	-0.03567	-0.1341	0.09842
15.4	-0.03297	-0.1323	0.0993
15.41	-0.03237	-0.1304	0.09799
15.42	-0.03252	-0.1283	0.09582
15.43	-0.03155	-0.1262	0.09468
15.44	-0.02873	-0.124	0.09529
15.45	-0.02447	-0.1217	0.09725
15.46	-0.01955	-0.1193	0.09977
15.47	-0.01597	-0.1168	0.1009
15.48	-0.01591	-0.1142	0.09834
15.49	-0.01896	-0.1116	0.09261
15.5	-0.02214	-0.1088	0.08666
15.51	-0.023	-0.106	0.08295
15.52	-0.0218	-0.103	0.08122
15.53	-0.01943	-0.1	0.08058
15.54	-0.0165	-0.09691	0.0804
15.55	-0.01334	-0.09373	0.08039
15.56	-0.01005	-0.09049	0.08044
15.57	-0.006011	-0.08718	0.08117
15.58	-0.0004336	-0.08381	0.08337
15.59	0.006454	-0.08038	0.08683
15.6	0.01342	-0.07689	0.09032
15.61	0.01943	-0.07337	0.0928
15.62	0.02437	-0.06981	0.09418
15.63	0.02839	-0.06622	0.0946
15.64	0.03174	-0.0626	0.09435
15.65	0.03487	-0.05898	0.09385
15.66	0.03811	-0.05536	0.09347
15.67	0.04142	-0.05175	0.09317
15.68	0.0447	-0.04815	0.09285
15.69	0.04809	-0.04459	0.09269
15.7	0.05204	-0.04108	0.09312
15.71	0.05661	-0.03762	0.09423
15.72	0.0605	-0.03424	0.09474
15.73	0.06212	-0.03094	0.09305
15.74	0.06176	-0.02773	0.08949
15.75	0.06162	-0.02464	0.08626
15.76	0.06329	-0.02167	0.08496
15.77	0.06574	-0.01884	0.08459
15.78	0.06733	-0.01617	0.0835
15.79	0.06769	-0.01366	0.08134
15.8	0.06768	-0.01132	0.079
15.81	0.06809	-0.009171	0.07726
15.82	0.06897	-0.007221	0.07619
15.83	0.07023	-0.005479	0.0757
15.84	0.07178	-0.003953	0.07574
15.85	0.0736	-0.00265	0.07625
15.86	0.07564	-0.001577	0.07721
15.87	0.07795	-0.0007384	0.07869
15.88	0.08061	-0.0001367	0.08074
15.89	0.08378	0.0002263	0.08356
15.9	0.08779	0.0003508	0.08744
15.91	0.09253	0.0002386	0.09229
15.92	0.09626	-0.0001068	0.09637
15.93	0.09691	-0.0006802	0.09759
15.94	0.0943	-0.001475	0.09577
15.95	0.09011	-0.002483	0.09259
15.96	0.08597	-0.003693	0.08966
15.97	0.08287	-0.005096	0.08797
15.98	0.08164	-0.006677	0.08832
15.99	0.08312	-0.008423	0.09155
16	0.08814	-0.01032	0.09846
