0.5	-0.9152	1.349	-2.264
0.51	-0.8631	1.327	-2.19
0.52	-0.8109	1.306	-2.117
0.53	-0.7585	1.287	-2.045
0.54	-0.7053	1.269	-1.974
0.55	-0.6509	1.252	-1.903
0.56	-0.595	1.237	-1.832
0.57	-0.5378	1.222	-1.76
0.58	-0.4794	1.208	-1.688
0.59	-0.42	1.195	-1.615
0.6	-0.3597	1.181	-1.541
0.61	-0.2986	1.168	-1.467
0.62	-0.2371	1.155	-1.392
0.63	-0.1751	1.141	-1.316
0.64	-0.1128	1.127	-1.239
0.65	-0.05021	1.112	-1.162
0.66	0.01269	1.096	-1.083
0.67	0.07588	1.079	-1.003
0.68	0.1393	1.062	-0.9224
0.69	0.2028	1.043	-0.8402
0.7	0.266	1.023	-0.7572
0.71	0.3286	1.002	-0.6738
0.72	0.3903	0.9804	-0.5902
0.73	0.4509	0.9573	-0.5064
0.74	0.5103	0.9332	-0.4229
0.75	0.5683	0.908	-0.3398
0.76	0.6246	0.882	-0.2574
0.77	0.6788	0.8552	-0.1764
0.78	0.7301	0.8278	-0.09769
0.79	0.7782	0.7998	-0.02161
0.8	0.8231	0.7715	0.0516
0.81	0.8646	0.7429	0.1217
0.82	0.9027	0.7142	0.1885
0.83	0.9371	0.6857	0.2514
0.84	0.9678	0.6574	0.3103
0.85	0.9943	0.6296	0.3647
0.86	1.017	0.6024	0.4142
0.87	1.035	0.5758	0.4587
0.88	1.048	0.5502	0.498
0.89	1.058	0.5256	0.5323
0.9	1.064	0.5021	0.5621
0.91	1.068	0.4799	0.588
0.92	1.07	0.459	0.6106
0.93	1.07	0.4395	0.6303
0.94	1.069	0.4215	0.6472
0.95	1.066	0.4049	0.6613
0.96	1.062	0.3899	0.6724
0.97	1.057	0.3764	0.6809
0.98	1.052	0.3644	0.6871
0.99	1.046	0.3539	0.6917
1	1.041	0.3448	0.6961
1.01	1.039	0.337	0.7017
1.02	1.04	0.3305	0.7097
1.03	1.047	0.3252	0.7216
1.04	1.059	0.321	0.7382
1.05	1.078	0.3177	0.7605
1.06	1.104	0.3152	0.7891
1.07	1.139	0.3134	0.8251
1.08	1.182	0.3122	0.8693
1.09	1.235	0.3115	0.9231
1.1	1.299	0.311	0.9876
1.11	1.375	0.3107	1.065
1.12	1.467	0.3104	1.156
1.13	1.575	0.31	1.265
1.14	1.702	0.3094	1.393
1.15	1.849	0.3084	1.54
1.16	2.016	0.307	1.709
1.17	2.203	0.305	1.898
1.18	2.41	0.3024	2.107
1.19	2.632	0.299	2.333
1.2	2.865	0.2949	2.57
1.21	3.103	0.29	2.813
1.22	3.339	0.2842	3.054
1.23	3.563	0.2775	3.285
1.24	3.765	0.2699	3.495
1.25	3.933	0.2614	3.672
1.26	4.055	0.252	3.803
1.27	4.124	0.2417	3.882
1.28	4.133	0.2306	3.902
1.29	4.078	0.2186	3.86
1.3	3.961	0.2059	3.755
1.31	3.785	0.1924	3.592
1.32	3.56	0.1783	3.382
1.33	3.301	0.1636	3.138
1.34	3.021	0.1484	2.872
1.35	2.73	0.1327	2.597
1.36	2.44	0.1166	2.324
1.37	2.159	0.1003	2.058
1.38	1.89	0.08366	1.806
1.39	1.638	0.06689	1.572
1.4	1.404	0.05003	1.354
1.41	1.189	0.03313	1.156
1.42	0.9921	0.01626	0.9758
1.43	0.8129	-0.0005175	0.8134
1.44	0.6508	-0.01716	0.668
1.45	0.5053	-0.03362	0.5389
1.46	0.3752	-0.04986	0.4251
1.47	0.2593	-0.06583	0.3251
1.48	0.1557	-0.08153	0.2372
1.49	0.06289	-0.09691	0.1598
1.5	-0.02061	-0.112	0.09136
1.51	-0.09621	-0.1267	0.03049
1.52	-0.1649	-0.1411	-0.02383
1.53	-0.2276	-0.1551	-0.0725
1.54	-0.2852	-0.1688	-0.1163
1.55	-0.3383	-0.1822	-0.1561
1.56	-0.3876	-0.1953	-0.1923
1.57	-0.4334	-0.208	-0.2254
1.58	-0.4761	-0.2205	-0.2555
1.59	-0.5157	-0.2327	-0.283
1.6	-0.5524	-0.2447	-0.3077
1.61	-0.5862	-0.2564	-0.3298
1.62	-0.6172	-0.2679	-0.3492
1.63	-0.6454	-0.2792	-0.3662
1.64	-0.6712	-0.2904	-0.3808
1.65	-0.695	-0.3014	-0.3936
1.66	-0.7171	-0.3122	-0.4049
1.67	-0.7376	-0.3229	-0.4147
1.68	-0.7563	-0.3335	-0.4228
1.69	-0.7732	-0.344	-0.4293
1.7	-0.7881	-0.3543	-0.4339
1.71	-0.801	-0.3645	-0.4365
1.72	-0.8122	-0.3746	-0.4376
1.73	-0.8219	-0.3845	-0.4374
1.74	-0.8304	-0.3942	-0.4362
1.75	-0.8378	-0.4038	-0.4339
1.76	-0.844	-0.4133	-0.4307
1.77	-0.8488	-0.4225	-0.4264
1.78	-0.8519	-0.4314	-0.4205
1.79	-0.8532	-0.4401	-0.4131
1.8	-0.8524	-0.4485	-0.4039
1.81	-0.8495	-0.4566	-0.3929
1.82	-0.8446	-0.4643	-0.3803
1.83	-0.8378	-0.4717	-0.3661
1.84	-0.8292	-0.4786	-0.3506
1.85	-0.8189	-0.485	-0.3339
1.86	-0.8072	-0.491	-0.3161
1.87	-0.7939	-0.4965	-0.2974
1.88	-0.7794	-0.5015	-0.2779
1.89	-0.7635	-0.5059	-0.2576
1.9	-0.7462	-0.5097	-0.2365
1.91	-0.7273	-0.5128	-0.2145
1.92	-0.707	-0.5154	-0.1916
1.93	-0.6852	-0.5173	-0.1679
1.94	-0.662	-0.5186	-0.1434
1.95	-0.6374	-0.5192	-0.1182
1.96	-0.6116	-0.5191	-0.09246
1.97	-0.5847	-0.5184	-0.06631
1.98	-0.557	-0.517	-0.04001
1.99	-0.5287	-0.515	-0.01376
2	-0.5	-0.5123	0.01226
2.01	-0.4711	-0.509	0.03789
2.02	-0.4421	-0.505	0.06292
2.03	-0.4134	-0.5005	0.08714
2.04	-0.385	-0.4954	0.1104
2.05	-0.3572	-0.4898	0.1326
2.06	-0.3299	-0.4837	0.1537
2.07	-0.3036	-0.4771	0.1735
2.08	-0.2785	-0.47	0.1915
2.09	-0.255	-0.4626	0.2076
2.1	-0.2333	-0.4547	0.2215
2.11	-0.2138	-0.4466	0.2328
2.12	-0.1964	-0.4382	0.2418
2.13	-0.1809	-0.4295	0.2486
2.14	-0.167	-0.4206	0.2536
2.15	-0.1544	-0.4115	0.2571
2.16	-0.1429	-0.4024	0.2595
2.17	-0.1325	-0.3931	0.2606
2.18	-0.1237	-0.3837	0.26
2.19	-0.1167	-0.3744	0.2577
2.2	-0.1113	-0.365	0.2537
2.21	-0.1077	-0.3557	0.248
2.22	-0.1053	-0.3464	0.2411
2.23	-0.104	-0.3373	0.2333
2.24	-0.1033	-0.3282	0.2249
2.25	-0.1032	-0.3193	0.2161
2.26	-0.1036	-0.3105	0.2069
2.27	-0.1044	-0.3019	0.1975
2.28	-0.1052	-0.2934	0.1882
2.29	-0.1059	-0.2852	0.1792
2.3	-0.1064	-0.2771	0.1707
2.31	-0.1063	-0.2692	0.1629
2.32	-0.1056	-0.2614	0.1558
2.33	-0.1043	-0.2539	0.1496
2.34	-0.1022	-0.2465	0.1443
2.35	-0.09948	-0.2393	0.1398
2.36	-0.09617	-0.2322	0.136
2.37	-0.09228	-0.2252	0.133
2.38	-0.08781	-0.2184	0.1306
2.39	-0.08273	-0.2117	0.1289
2.4	-0.07693	-0.205	0.1281
2.41	-0.07031	-0.1984	0.1281
2.42	-0.06269	-0.1919	0.1292
2.43	-0.0539	-0.1854	0.1315
2.44	-0.04387	-0.1789	0.1351
2.45	-0.03263	-0.1724	0.1398
2.46	-0.0202	-0.1659	0.1457
2.47	-0.006498	-0.1594	0.1529
2.48	0.008566	-0.1528	0.1613
2.49	0.02494	-0.1461	0.171
2.5	0.04241	-0.1394	0.1818
2.51	0.06078	-0.1326	0.1933
2.52	0.07983	-0.1256	0.2055
2.53	0.09936	-0.1186	0.218
2.54	0.1192	-0.1115	0.2307
2.55	0.1392	-0.1044	0.2436
2.56	0.1593	-0.09709	0.2564
2.57	0.1793	-0.08973	0.269
2.58	0.1991	-0.0823	0.2814
2.59	0.2187	-0.0748	0.2935
2.6	0.2377	-0.06726	0.305
2.61	0.2562	-0.05969	0.3159
2.62	0.274	-0.05209	0.3261
2.63	0.2912	-0.04451	0.3357
2.64	0.3077	-0.03695	0.3447
2.65	0.3237	-0.02943	0.3532
2.66	0.3393	-0.02199	0.3612
2.67	0.3544	-0.01464	0.369
2.68	0.3693	-0.007415	0.3767
2.69	0.3838	-0.0003319	0.3842
2.7	0.3979	0.006582	0.3914
2.71	0.4114	0.0133	0.3981
2.72	0.424	0.01981	0.4042
2.73	0.4356	0.02607	0.4095
2.74	0.446	0.03208	0.414
2.75	0.4556	0.03781	0.4178
2.76	0.4644	0.04324	0.4212
2.77	0.4726	0.04837	0.4243
2.78	0.4804	0.05317	0.4272
2.79	0.4877	0.05764	0.4301
2.8	0.4944	0.06176	0.4326
2.81	0.5002	0.06554	0.4347
2.82	0.5051	0.06897	0.4362
2.83	0.509	0.07206	0.437
2.84	0.5118	0.07479	0.4371
2.85	0.5137	0.07718	0.4365
2.86	0.5148	0.07924	0.4356
2.87	0.5155	0.08096	0.4346
2.88	0.5163	0.08237	0.4339
2.89	0.5171	0.08348	0.4336
2.9	0.5177	0.08429	0.4334
2.91	0.5179	0.08483	0.433
2.92	0.5175	0.0851	0.4324
2.93	0.5166	0.08513	0.4315
2.94	0.5153	0.08492	0.4304
2.95	0.5137	0.08449	0.4292
2.96	0.5118	0.08385	0.4279
2.97	0.5096	0.08302	0.4266
2.98	0.5069	0.08201	0.4249
2.99	0.5036	0.08081	0.4228
3	0.4993	0.07946	0.4198
3.01	0.4938	0.07793	0.4159
3.02	0.4871	0.07624	0.4108
3.03	0.4792	0.07438	0.4048
3.04	0.4703	0.07236	0.3979
3.05	0.4605	0.07015	0.3904
3.06	0.4501	0.06776	0.3824
3.07	0.439	0.06517	0.3738
3.08	0.4271	0.06235	0.3648
3.09	0.4145	0.0593	0.3552
3.1	0.4012	0.05599	0.3452
3.11	0.3873	0.0524	0.3349
3.12	0.3727	0.0485	0.3242
3.13	0.3575	0.04426	0.3132
3.14	0.3414	0.03965	0.3018
3.15	0.3246	0.03465	0.2899
3.16	0.3068	0.02923	0.2776
3.17	0.2883	0.02336	0.2649
3.18	0.2692	0.017	0.2522
3.19	0.2498	0.01014	0.2397
3.2	0.2303	0.002744	0.2276
3.21	0.2108	-0.005207	0.216
3.22	0.191	-0.01373	0.2048
3.23	0.1708	-0.02285	0.1936
3.24	0.1498	-0.03257	0.1823
3.25	0.128	-0.04289	0.1709
3.26	0.1052	-0.05383	0.1591
3.27	0.08187	-0.06538	0.1472
3.28	0.0581	-0.07753	0.1356
3.29	0.03415	-0.09026	0.1244
3.3	0.01016	-0.1036	0.1137
3.31	-0.01376	-0.1174	0.1036
3.32	-0.0376	-0.1317	0.09414
3.33	-0.06133	-0.1465	0.08522
3.34	-0.08499	-0.1618	0.07679
3.35	-0.1087	-0.1774	0.06874
3.36	-0.1323	-0.1933	0.06098
3.37	-0.1559	-0.2095	0.05362
3.38	-0.1791	-0.2259	0.04678
3.39	-0.2019	-0.2424	0.04055
3.4	-0.224	-0.259	0.03494
3.41	-0.2456	-0.2755	0.02995
3.42	-0.2664	-0.292	0.02553
3.43	-0.2866	-0.3082	0.02162
3.44	-0.3062	-0.3243	0.01807
3.45	-0.3253	-0.3399	0.01466
3.46	-0.3439	-0.3552	0.01128
3.47	-0.3619	-0.37	0.008151
3.48	-0.3787	-0.3843	0.005575
3.49	-0.3943	-0.3979	0.003583
3.5	-0.4089	-0.4108	0.001927
3.51	-0.4227	-0.423	0.0003882
3.52	-0.4356	-0.4344	-0.001107
3.53	-0.4476	-0.445	-0.002596
3.54	-0.4589	-0.4547	-0.004245
3.55	-0.4698	-0.4634	-0.006348
3.56	-0.4803	-0.4712	-0.009117
3.57	-0.4905	-0.4781	-0.01243
3.58	-0.5	-0.4839	-0.01609
3.59	-0.5089	-0.4889	-0.02003
3.6	-0.5171	-0.4928	-0.02433
3.61	-0.5248	-0.4958	-0.02906
3.62	-0.5321	-0.4978	-0.03424
3.63	-0.5389	-0.499	-0.03986
3.64	-0.5452	-0.4993	-0.04583
3.65	-0.5508	-0.4988	-0.052
3.66	-0.5558	-0.4976	-0.05825
3.67	-0.5603	-0.4956	-0.06466
3.68	-0.5644	-0.493	-0.07137
3.69	-0.5683	-0.4898	-0.07843
3.7	-0.572	-0.4861	-0.08582
3.71	-0.5755	-0.482	-0.0935
3.72	-0.5788	-0.4776	-0.1012
3.73	-0.5815	-0.4728	-0.1087
3.74	-0.5837	-0.4678	-0.1159
3.75	-0.5857	-0.4627	-0.123
3.76	-0.5877	-0.4576	-0.1301
3.77	-0.5895	-0.4524	-0.137
3.78	-0.591	-0.4474	-0.1437
3.79	-0.5924	-0.4424	-0.1499
3.8	-0.5937	-0.4377	-0.1559
3.81	-0.5949	-0.4333	-0.1617
3.82	-0.5961	-0.4291	-0.167
3.83	-0.5969	-0.4253	-0.1716
3.84	-0.5973	-0.4218	-0.1755
3.85	-0.5973	-0.4188	-0.1785
3.86	-0.597	-0.4162	-0.1808
3.87	-0.5964	-0.4141	-0.1823
3.88	-0.5958	-0.4124	-0.1835
3.89	-0.5955	-0.4111	-0.1844
3.9	-0.5956	-0.4103	-0.1853
3.91	-0.5963	-0.41	-0.1863
3.92	-0.5971	-0.41	-0.187
3.93	-0.5976	-0.4105	-0.1871
3.94	-0.5976	-0.4113	-0.1863
3.95	-0.5974	-0.4125	-0.1849
3.96	-0.5971	-0.4139	-0.1832
3.97	-0.5969	-0.4156	-0.1813
3.98	-0.597	-0.4175	-0.1794
3.99	-0.5972	-0.4196	-0.1776
4	-0.5973	-0.4218	-0.1756
4.01	-0.5972	-0.424	-0.1732
4.02	-0.5968	-0.4263	-0.1706
4.03	-0.5961	-0.4285	-0.1676
4.04	-0.595	-0.4307	-0.1644
4.05	-0.5937	-0.4327	-0.161
4.06	-0.5923	-0.4346	-0.1577
4.07	-0.5907	-0.4362	-0.1545
4.08	-0.589	-0.4376	-0.1514
4.09	-0.5871	-0.4387	-0.1484
4.1	-0.5848	-0.4396	-0.1453
4.11	-0.5821	-0.4401	-0.1421
4.12	-0.5792	-0.4402	-0.139
4.13	-0.5763	-0.44	-0.1363
4.14	-0.5735	-0.4394	-0.1341
4.15	-0.5703	-0.4383	-0.132
4.16	-0.5666	-0.4369	-0.1296
4.17	-0.5625	-0.4351	-0.1274
4.18	-0.5584	-0.4329	-0.1255
4.19	-0.5543	-0.4303	-0.1239
4.2	-0.5499	-0.4274	-0.1226
4.21	-0.5452	-0.424	-0.1211
4.22	-0.5398	-0.4203	-0.1195
4.23	-0.5337	-0.4163	-0.1175
4.24	-0.527	-0.4119	-0.1151
4.25	-0.5198	-0.4072	-0.1126
4.26	-0.5122	-0.4022	-0.11
4.27	-0.5044	-0.3969	-0.1074
4.28	-0.4963	-0.3914	-0.1049
4.29	-0.4881	-0.3856	-0.1025
4.3	-0.4797	-0.3796	-0.1002
4.31	-0.4713	-0.3733	-0.09792
4.32	-0.4625	-0.3669	-0.09563
4.33	-0.4533	-0.3602	-0.09316
4.34	-0.4438	-0.3532	-0.09054
4.35	-0.4341	-0.3461	-0.088
4.36	-0.4244	-0.3388	-0.08565
4.37	-0.4142	-0.3312	-0.08307
4.38	-0.4031	-0.3234	-0.07975
4.39	-0.391	-0.3153	-0.07567
4.4	-0.3782	-0.307	-0.07123
4.41	-0.3652	-0.2984	-0.06684
4.42	-0.3522	-0.2895	-0.06268
4.43	-0.3392	-0.2803	-0.0589
4.44	-0.3261	-0.2708	-0.05537
4.45	-0.3126	-0.2609	-0.05171
4.46	-0.2982	-0.2506	-0.04764
4.47	-0.2832	-0.2399	-0.04335
4.48	-0.2679	-0.2288	-0.03913
4.49	-0.2523	-0.2172	-0.03516
4.5	-0.2366	-0.2051	-0.03145
4.51	-0.2206	-0.1926	-0.02802
4.52	-0.2043	-0.1796	-0.02475
4.53	-0.1875	-0.166	-0.02152
4.54	-0.1701	-0.1519	-0.01823
4.55	-0.1521	-0.1372	-0.01486
4.56	-0.1334	-0.122	-0.01141
4.57	-0.1144	-0.1063	-0.008095
4.58	-0.09516	-0.08999	-0.005172
4.59	-0.07589	-0.07315	-0.002737
4.6	-0.05652	-0.05579	-0.000731
4.61	-0.03705	-0.03791	0.0008575
4.62	-0.01773	-0.01953	0.001803
4.63	0.001155	-0.0006853	0.00184
4.64	0.01966	0.01861	0.001053
4.65	0.03819	0.03831	-0.0001247
4.66	0.05706	0.0584	-0.001337
4.67	0.07621	0.07883	-0.002617
4.68	0.09549	0.09956	-0.004078
4.69	0.115	0.1206	-0.005575
4.7	0.1351	0.1418	-0.006702
4.71	0.1559	0.1631	-0.007221
4.72	0.177	0.1847	-0.007616
4.73	0.1977	0.2062	-0.008532
4.74	0.2177	0.2278	-0.01017
4.75	0.2371	0.2494	-0.01231
4.76	0.2563	0.2709	-0.01467
4.77	0.2754	0.2923	-0.01692
4.78	0.2949	0.3136	-0.01872
4.79	0.3146	0.3346	-0.02
4.8	0.3345	0.3554	-0.02091
4.81	0.3544	0.3759	-0.02157
4.82	0.3743	0.3961	-0.02185
4.83	0.3944	0.416	-0.02158
4.84	0.4146	0.4354	-0.02084
4.85	0.4345	0.4545	-0.01993
4.86	0.4539	0.4731	-0.01915
4.87	0.4725	0.4912	-0.01873
4.88	0.4901	0.5089	-0.01885
4.89	0.5068	0.5261	-0.01932
4.9	0.5232	0.5428	-0.01959
4.91	0.5397	0.5589	-0.01926
4.92	0.556	0.5746	-0.0186
4.93	0.5717	0.5897	-0.01804
4.94	0.5866	0.6043	-0.01766
4.95	0.6012	0.6184	-0.01714
4.96	0.6157	0.6319	-0.0162
4.97	0.6301	0.6449	-0.01481
4.98	0.6444	0.6573	-0.01297
4.99	0.6586	0.6693	-0.0107
5	0.6726	0.6807	-0.008032
5.01	0.6865	0.6915	-0.00502
5.02	0.7001	0.7019	-0.00181
5.03	0.7131	0.7117	0.001414
5.04	0.7252	0.721	0.004278
5.05	0.7359	0.7297	0.006218
5.06	0.7447	0.7379	0.00684
5.07	0.752	0.7456	0.006479
5.08	0.7583	0.7527	0.005643
5.09	0.7638	0.7592	0.004612
5.1	0.7686	0.7652	0.003436
5.11	0.7727	0.7705	0.00213
5.12	0.7759	0.7753	0.0005997
5.13	0.7782	0.7794	-0.001259
5.14	0.7798	0.783	-0.003196
5.15	0.7812	0.7858	-0.004602
5.16	0.7829	0.788	-0.005073
5.17	0.7844	0.7895	-0.005079
5.18	0.785	0.7903	-0.005297
5.19	0.7842	0.7903	-0.006128
5.2	0.7819	0.7896	-0.007699
5.21	0.7781	0.7881	-0.01003
5.22	0.7731	0.7858	-0.01277
5.23	0.7673	0.7827	-0.01549
5.24	0.7608	0.7788	-0.01803
5.25	0.7536	0.7741	-0.02047
5.26	0.7456	0.7685	-0.02291
5.27	0.7367	0.7621	-0.02533
5.28	0.7271	0.7548	-0.0277
5.29	0.7166	0.7466	-0.02998
5.3	0.7054	0.7376	-0.03212
5.31	0.6936	0.7277	-0.03405
5.32	0.6814	0.7169	-0.03554
5.33	0.669	0.7054	-0.03632
5.34	0.6564	0.693	-0.03652
5.35	0.6432	0.6797	-0.03658
5.36	0.6289	0.6658	-0.03688
5.37	0.6137	0.651	-0.03734
5.38	0.5978	0.6356	-0.03777
5.39	0.5814	0.6194	-0.038
5.4	0.5647	0.6026	-0.03786
5.41	0.5479	0.5852	-0.03727
5.42	0.5308	0.5672	-0.03635
5.43	0.5133	0.5486	-0.0353
5.44	0.4954	0.5296	-0.03419
5.45	0.4773	0.5102	-0.03292
5.46	0.4589	0.4904	-0.03147
5.47	0.4402	0.4702	-0.03002
5.48	0.421	0.4498	-0.02879
5.49	0.4013	0.4291	-0.02782
5.5	0.3814	0.4083	-0.02689
5.51	0.3615	0.3874	-0.02586
5.52	0.3417	0.3664	-0.0247
5.53	0.322	0.3454	-0.02347
5.54	0.3021	0.3245	-0.02237
5.55	0.2818	0.3036	-0.02181
5.56	0.2609	0.2829	-0.02201
5.57	0.2399	0.2624	-0.02253
5.58	0.2193	0.2421	-0.02278
5.59	0.1995	0.2221	-0.02258
5.6	0.1802	0.2024	-0.02223
5.61	0.1612	0.1831	-0.02187
5.62	0.143	0.1641	-0.02115
5.63	0.126	0.1456	-0.01962
5.64	0.1101	0.1275	-0.01742
5.65	0.09457	0.1099	-0.01536
5.66	0.07875	0.09282	-0.01407
5.67	0.06272	0.07624	-0.01352
5.68	0.04671	0.0602	-0.01349
5.69	0.03062	0.0447	-0.01408
5.7	0.01407	0.02976	-0.01569
5.71	-0.00313	0.0154	-0.01853
5.72	-0.02033	0.001608	-0.02194
5.73	-0.03669	-0.01161	-0.02508
5.74	-0.05199	-0.02424	-0.02775
5.75	-0.06663	-0.0363	-0.03033
5.76	-0.08094	-0.04779	-0.03315
5.77	-0.09481	-0.05871	-0.0361
5.78	-0.108	-0.06907	-0.03897
5.79	-0.1206	-0.07888	-0.04167
5.8	-0.1324	-0.08816	-0.04427
5.81	-0.1437	-0.09692	-0.04678
5.82	-0.1543	-0.1052	-0.0491
5.83	-0.164	-0.1129	-0.05108
5.84	-0.1729	-0.1202	-0.0527
5.85	-0.1811	-0.127	-0.05405
5.86	-0.1887	-0.1334	-0.05526
5.87	-0.196	-0.1394	-0.05656
5.88	-0.2032	-0.145	-0.0582
5.89	-0.2101	-0.1502	-0.05997
5.9	-0.2162	-0.155	-0.06122
5.91	-0.221	-0.1595	-0.0615
5.92	-0.2249	-0.1637	-0.06119
5.93	-0.2285	-0.1676	-0.06084
5.94	-0.2317	-0.1712	-0.06049
5.95	-0.2343	-0.1746	-0.05962
5.96	-0.2357	-0.1778	-0.05789
5.97	-0.2365	-0.1808	-0.0557
5.98	-0.2372	-0.1836	-0.05361
5.99	-0.2381	-0.1862	-0.05184
6	-0.239	-0.1887	-0.05026
6.01	-0.2398	-0.1911	-0.04876
6.02	-0.2409	-0.1934	-0.04751
6.03	-0.2423	-0.1956	-0.04672
6.04	-0.2442	-0.1977	-0.04645
6.05	-0.2464	-0.1998	-0.04662
6.06	-0.249	-0.2019	-0.04713
6.07	-0.2518	-0.204	-0.04787
6.08	-0.2548	-0.206	-0.04875
6.09	-0.2577	-0.2081	-0.04957
6.1	-0.2604	-0.2103	-0.0501
6.11	-0.2626	-0.2125	-0.05014
6.12	-0.2644	-0.2147	-0.04974
6.13	-0.266	-0.217	-0.04901
6.14	-0.2675	-0.2194	-0.04803
6.15	-0.2688	-0.2219	-0.04686
6.16	-0.2701	-0.2245	-0.04559
6.17	-0.2718	-0.2273	-0.04458
6.18	-0.2743	-0.2301	-0.0442
6.19	-0.2774	-0.2331	-0.04432
6.2	-0.2804	-0.2361	-0.0443
6.21	-0.2831	-0.2394	-0.04374
6.22	-0.286	-0.2427	-0.04332
6.23	-0.2902	-0.2462	-0.04395
6.24	-0.2954	-0.2499	-0.04549
6.25	-0.3004	-0.2537	-0.04676
6.26	-0.3044	-0.2576	-0.04684
6.27	-0.3077	-0.2617	-0.04608
6.28	-0.311	-0.2659	-0.04511
6.29	-0.3144	-0.2703	-0.04417
6.3	-0.3178	-0.2748	-0.04306
6.31	-0.3211	-0.2794	-0.04168
6.32	-0.3246	-0.2842	-0.04037
6.33	-0.3287	-0.2891	-0.03955
6.34	-0.3335	-0.2942	-0.03931
6.35	-0.3387	-0.2994	-0.03936
6.36	-0.3441	-0.3047	-0.03948
6.37	-0.3499	-0.3101	-0.03986
6.38	-0.3564	-0.3156	-0.04076
6.39	-0.3632	-0.3212	-0.04193
6.4	-0.3696	-0.3269	-0.04267
6.41	-0.3752	-0.3328	-0.04242
6.42	-0.3802	-0.3387	-0.0415
6.43	-0.385	-0.3446	-0.04038
6.44	-0.39	-0.3506	-0.03933
6.45	-0.3951	-0.3567	-0.03833
6.46	-0.4002	-0.3628	-0.0374
6.47	-0.4056	-0.369	-0.03662
6.48	-0.4112	-0.3752	-0.03609
6.49	-0.4171	-0.3813	-0.03579
6.5	-0.4231	-0.3875	-0.03559
6.51	-0.4289	-0.3936	-0.03533
6.52	-0.4345	-0.3997	-0.03477
6.53	-0.4394	-0.4057	-0.03367
6.54	-0.4438	-0.4117	-0.03216
6.55	-0.4483	-0.4175	-0.03079
6.56	-0.4532	-0.4232	-0.02997
6.57	-0.4585	-0.4288	-0.02964
6.58	-0.4639	-0.4343	-0.02961
6.59	-0.4693	-0.4396	-0.0297
6.6	-0.4744	-0.4446	-0.02975
6.61	-0.4792	-0.4495	-0.02966
6.62	-0.4837	-0.4541	-0.02954
6.63	-0.488	-0.4585	-0.02954
6.64	-0.4923	-0.4626	-0.02973
6.65	-0.4964	-0.4663	-0.0301
6.66	-0.5004	-0.4698	-0.03059
6.67	-0.5038	-0.4729	-0.03092
6.68	-0.5064	-0.4756	-0.03077
6.69	-0.508	-0.478	-0.03
6.7	-0.5086	-0.48	-0.02864
6.71	-0.5083	-0.4815	-0.02684
6.72	-0.5077	-0.4826	-0.02509
6.73	-0.5072	-0.4833	-0.02394
6.74	-0.5068	-0.4835	-0.02335
6.75	-0.5059	-0.4832	-0.02264
6.76	-0.5038	-0.4825	-0.02134
6.77	-0.5011	-0.4813	-0.01986
6.78	-0.4984	-0.4795	-0.01882
6.79	-0.4955	-0.4773	-0.01821
6.8	-0.492	-0.4746	-0.0174
6.81	-0.4873	-0.4714	-0.01589
6.82	-0.4816	-0.4678	-0.01378
6.83	-0.475	-0.4636	-0.01138
6.84	-0.4679	-0.459	-0.008962
6.85	-0.4607	-0.4539	-0.006833
6.86	-0.4536	-0.4483	-0.005281
6.87	-0.4469	-0.4423	-0.004541
6.88	-0.4408	-0.4359	-0.004824
6.89	-0.4351	-0.4291	-0.005991
6.9	-0.4295	-0.4219	-0.007554
6.91	-0.4235	-0.4144	-0.009097
6.92	-0.417	-0.4065	-0.01053
6.93	-0.4101	-0.3982	-0.01185
6.94	-0.4028	-0.3897	-0.01307
6.95	-0.3951	-0.3809	-0.01424
6.96	-0.3872	-0.3718	-0.01536
6.97	-0.3789	-0.3626	-0.01639
6.98	-0.3704	-0.3531	-0.01728
6.99	-0.3615	-0.3434	-0.01809
7	-0.3526	-0.3336	-0.01902
7.01	-0.3439	-0.3237	-0.02022
7.02	-0.3352	-0.3136	-0.02158
7.03	-0.3264	-0.3035	-0.02292
7.04	-0.3173	-0.2933	-0.02392
7.05	-0.3072	-0.2831	-0.0241
7.06	-0.2961	-0.2729	-0.02325
7.07	-0.2847	-0.2626	-0.02208
7.08	-0.2739	-0.2524	-0.02149
7.09	-0.2638	-0.2422	-0.02163
7.1	-0.254	-0.2321	-0.0219
7.11	-0.2438	-0.222	-0.02177
7.12	-0.2332	-0.212	-0.02124
7.13	-0.2225	-0.202	-0.02042
7.14	-0.2115	-0.1922	-0.01932
7.15	-0.2003	-0.1825	-0.01783
7.16	-0.1887	-0.1728	-0.0159
7.17	-0.177	-0.1633	-0.01373
7.18	-0.1655	-0.1539	-0.01162
7.19	-0.1544	-0.1446	-0.009795
7.2	-0.1439	-0.1355	-0.00846
7.21	-0.1341	-0.1265	-0.007667
7.22	-0.1245	-0.1176	-0.006912
7.23	-0.1144	-0.1088	-0.005563
7.24	-0.1036	-0.1002	-0.003362
7.25	-0.09218	-0.09176	-0.0004181
7.26	-0.08038	-0.08345	0.003065
7.27	-0.0687	-0.07529	0.006587
7.28	-0.0577	-0.06728	0.009578
7.29	-0.04781	-0.05943	0.01163
7.3	-0.03927	-0.05175	0.01248
7.31	-0.0321	-0.04423	0.01213
7.32	-0.02534	-0.0369	0.01156
7.33	-0.01783	-0.02974	0.01192
7.34	-0.009633	-0.02278	0.01315
7.35	-0.002046	-0.01602	0.01398
7.36	0.003934	-0.009471	0.01341
7.37	0.008699	-0.003139	0.01184
7.38	0.01298	0.002962	0.01002
7.39	0.01726	0.008822	0.008434
7.4	0.02178	0.01443	0.007348
7.41	0.02667	0.01977	0.006897
7.42	0.03163	0.02483	0.006803
7.43	0.03629	0.0296	0.006682
7.44	0.04027	0.03407	0.006191
7.45	0.04326	0.03823	0.00503
7.46	0.04513	0.04205	0.003075
7.47	0.04646	0.04554	0.0009135
7.48	0.04796	0.04868	-0.0007145
7.49	0.04984	0.05145	-0.001613
7.5	0.05173	0.05386	-0.002132
7.51	0.05319	0.05589	-0.002698
7.52	0.05359	0.05753	-0.003942
7.53	0.0523	0.05878	-0.00648
7.54	0.05037	0.05963	-0.009254
7.55	0.05054	0.06008	-0.009539
7.56	0.0545	0.06013	-0.005627
7.57	0.05962	0.05978	-0.0001596
7.58	0.06229	0.05903	0.003253
7.59	0.06163	0.05789	0.003742
7.6	0.05953	0.05636	0.003176
7.61	0.05757	0.05444	0.003122
7.62	0.05561	0.05216	0.00345
7.63	0.05314	0.04951	0.003624
7.64	0.05001	0.04652	0.003489
7.65	0.04648	0.0432	0.003276
7.66	0.0428	0.03957	0.003232
7.67	0.03923	0.03564	0.003594
7.68	0.03602	0.03144	0.004582
7.69	0.03295	0.02698	0.005977
7.7	0.02942	0.02229	0.007124
7.71	0.02498	0.0174	0.007581
7.72	0.02014	0.01232	0.007818
7.73	0.01562	0.007097	0.008522
7.74	0.01177	0.001743	0.01002
7.75	0.008593	-0.003712	0.01231
7.76	0.006018	-0.009239	0.01526
7.77	0.003694	-0.01481	0.0185
7.78	0.001212	-0.0204	0.02161
7.79	-0.001639	-0.02597	0.02434
7.8	-0.004875	-0.03151	0.02664
7.81	-0.008523	-0.03699	0.02846
7.82	-0.0127	-0.04237	0.02967
7.83	-0.01752	-0.04763	0.03011
7.84	-0.02276	-0.05276	0.02999
7.85	-0.02785	-0.05772	0.02986
7.86	-0.03231	-0.06249	0.03018
7.87	-0.03607	-0.06707	0.031
7.88	-0.03916	-0.07141	0.03225
7.89	-0.0417	-0.07552	0.03382
7.9	-0.04386	-0.07937	0.03551
7.91	-0.0459	-0.08296	0.03706
7.92	-0.04826	-0.08626	0.03799
7.93	-0.05143	-0.08927	0.03784
7.94	-0.05518	-0.09199	0.03681
7.95	-0.05853	-0.0944	0.03586
7.96	-0.0608	-0.0965	0.03571
7.97	-0.06236	-0.0983	0.03594
7.98	-0.06385	-0.09979	0.03593
7.99	-0.06562	-0.101	0.03534
8	-0.06768	-0.1018	0.03416
8.01	-0.06996	-0.1024	0.03245
8.02	-0.07203	-0.1027	0.03067
8.03	-0.07336	-0.1027	0.02933
8.04	-0.07333	-0.1024	0.02908
8.05	-0.07123	-0.1019	0.03064
8.06	-0.0669	-0.1011	0.03417
8.07	-0.0625	-0.1	0.03751
8.08	-0.0607	-0.09874	0.03805
8.09	-0.06185	-0.09726	0.0354
8.1	-0.06407	-0.09556	0.03149
8.11	-0.06552	-0.09369	0.02816
8.12	-0.065	-0.09164	0.02664
8.13	-0.06153	-0.08943	0.0279
8.14	-0.05593	-0.08707	0.03114
8.15	-0.05079	-0.08459	0.0338
8.16	-0.04799	-0.08199	0.034
8.17	-0.04623	-0.07929	0.03306
8.18	-0.04348	-0.0765	0.03302
8.19	-0.03909	-0.07363	0.03453
8.2	-0.03383	-0.0707	0.03686
8.21	-0.02835	-0.06771	0.03935
8.22	-0.0227	-0.06467	0.04197
8.23	-0.01678	-0.0616	0.04483
8.24	-0.01059	-0.05851	0.04791
8.25	-0.004287	-0.05539	0.0511
8.26	0.002039	-0.05226	0.0543
8.27	0.008424	-0.04912	0.05754
8.28	0.01493	-0.04598	0.0609
8.29	0.02128	-0.04283	0.06411
8.3	0.02688	-0.03969	0.06657
8.31	0.03124	-0.03655	0.0678
8.32	0.03445	-0.03343	0.06788
8.33	0.03671	-0.03031	0.06701
8.34	0.03821	-0.02719	0.0654
8.35	0.03912	-0.02409	0.06321
8.36	0.03975	-0.021	0.06075
8.37	0.04097	-0.01792	0.0589
8.38	0.04376	-0.01485	0.05862
8.39	0.04832	-0.01179	0.06011
8.4	0.05404	-0.008747	0.06279
8.41	0.06029	-0.005712	0.066
8.42	0.06632	-0.002691	0.06901
8.43	0.0714	0.0003146	0.07108
8.44	0.07532	0.003303	0.07202
8.45	0.07841	0.006271	0.07214
8.46	0.08097	0.009214	0.07175
8.47	0.08315	0.01213	0.07102
8.48	0.08507	0.01501	0.07006
8.49	0.08694	0.01786	0.06909
8.5	0.08908	0.02065	0.06842
8.51	0.09166	0.0234	0.06826
8.52	0.0944	0.02608	0.06831
8.53	0.09687	0.0287	0.06817
8.54	0.09903	0.03123	0.0678
8.55	0.1012	0.03368	0.06752
8.56	0.1036	0.03603	0.0676
8.57	0.1062	0.03827	0.06798
8.58	0.1089	0.04039	0.06852
8.59	0.1118	0.04238	0.06941
8.6	0.1154	0.04423	0.07115
8.61	0.12	0.04593	0.07402
8.62	0.1249	0.04746	0.07749
8.63	0.1296	0.04883	0.08077
8.64	0.1333	0.05001	0.08331
8.65	0.1357	0.051	0.08472
8.66	0.1366	0.05179	0.08479
8.67	0.1363	0.05237	0.08391
8.68	0.1354	0.05275	0.08262
8.69	0.1342	0.0529	0.08125
8.7	0.1328	0.05284	0.07992
8.71	0.1312	0.05255	0.07869
8.72	0.1295	0.05204	0.07744
8.73	0.1273	0.0513	0.07604
8.74	0.125	0.05034	0.07468
8.75	0.1231	0.04916	0.07393
8.76	0.1219	0.04777	0.07415
8.77	0.1209	0.04616	0.07477
8.78	0.1194	0.04436	0.07505
8.79	0.117	0.04236	0.07459
8.8	0.1136	0.04018	0.07338
8.81	0.1094	0.03782	0.07156
8.82	0.1052	0.03531	0.06991
8.83	0.102	0.03265	0.06933
8.84	0.09988	0.02985	0.07004
8.85	0.09845	0.02693	0.07152
8.86	0.09727	0.02391	0.07336
8.87	0.0963	0.0208	0.0755
8.88	0.09557	0.01761	0.07796
8.89	0.09502	0.01436	0.08065
8.9	0.09444	0.01107	0.08337
8.91	0.09363	0.007752	0.08588
8.92	0.09225	0.004418	0.08783
8.93	0.08998	0.001083	0.0889
8.94	0.08665	-0.002239	0.08889
8.95	0.08227	-0.005535	0.08781
8.96	0.07705	-0.008793	0.08584
8.97	0.07187	-0.012	0.08387
8.98	0.06776	-0.01515	0.08291
8.99	0.06488	-0.01824	0.08312
9	0.0625	-0.02124	0.08375
9.01	0.05971	-0.02417	0.08387
9.02	0.055	-0.02701	0.082
9.03	0.04688	-0.02975	0.07663
9.04	0.03711	-0.0324	0.06951
9.05	0.03069	-0.03495	0.06564
9.06	0.0311	-0.0374	0.0685
9.07	0.03506	-0.03974	0.07481
9.08	0.03774	-0.04199	0.07973
9.09	0.03739	-0.04413	0.08152
9.1	0.03532	-0.04617	0.08149
9.11	0.03277	-0.04811	0.08088
9.12	0.03004	-0.04996	0.07999
9.13	0.0272	-0.0517	0.0789
9.14	0.02419	-0.05336	0.07755
9.15	0.02081	-0.05491	0.07573
9.16	0.01701	-0.05638	0.07339
9.17	0.0134	-0.05776	0.07116
9.18	0.01072	-0.05904	0.06977
9.19	0.009143	-0.06024	0.06938
9.2	0.008248	-0.06134	0.06959
9.21	0.007638	-0.06235	0.06999
9.22	0.007095	-0.06327	0.07037
9.23	0.006451	-0.0641	0.07055
9.24	0.005705	-0.06482	0.07052
9.25	0.005031	-0.06544	0.07047
9.26	0.004525	-0.06595	0.07047
9.27	0.003965	-0.06634	0.07031
9.28	0.003064	-0.06662	0.06968
9.29	0.00197	-0.06677	0.06874
9.3	0.001263	-0.06679	0.06806
9.31	0.001381	-0.06667	0.06805
9.32	0.002105	-0.06641	0.06851
9.33	0.003052	-0.06599	0.06904
9.34	0.003773	-0.06541	0.06918
9.35	0.003757	-0.06466	0.06841
9.36	0.002733	-0.06373	0.06647
9.37	0.001392	-0.06263	0.06402
9.38	0.0006509	-0.06134	0.06199
9.39	0.00102	-0.05986	0.06088
9.4	0.002603	-0.05819	0.06079
9.41	0.005312	-0.05631	0.06162
9.42	0.008364	-0.05424	0.0626
9.43	0.01083	-0.05197	0.0628
9.44	0.01246	-0.0495	0.06195
9.45	0.01367	-0.04683	0.06049
9.46	0.01495	-0.04396	0.05891
9.47	0.01695	-0.04091	0.05786
9.48	0.0203	-0.03768	0.05798
9.49	0.02489	-0.03426	0.05916
9.5	0.02984	-0.03069	0.06053
9.51	0.03442	-0.02695	0.06137
9.52	0.03869	-0.02307	0.06176
9.53	0.04288	-0.01906	0.06194
9.54	0.04688	-0.01492	0.0618
9.55	0.05018	-0.01068	0.06086
9.56	0.05251	-0.006354	0.05887
9.57	0.05461	-0.001949	0.05656
9.58	0.05739	0.002515	0.05487
9.59	0.06099	0.007021	0.05397
9.6	0.06475	0.01155	0.05319
9.61	0.06813	0.0161	0.05204
9.62	0.07125	0.02063	0.05062
9.63	0.07437	0.02515	0.04923
9.64	0.07792	0.02962	0.0483
9.65	0.08246	0.03405	0.04841
9.66	0.08811	0.03841	0.0497
9.67	0.09312	0.04269	0.05043
9.68	0.09534	0.04688	0.04846
9.69	0.09479	0.05097	0.04382
9.7	0.09357	0.05495	0.03863
9.71	0.09368	0.05881	0.03487
9.72	0.09617	0.06254	0.03363
9.73	0.1018	0.06615	0.03565
9.74	0.1096	0.06962	0.03999
9.75	0.117	0.07294	0.04403
9.76	0.1219	0.07613	0.04576
9.77	0.1251	0.07918	0.04592
9.78	0.128	0.08209	0.04593
9.79	0.1315	0.08485	0.04661
9.8	0.1357	0.08748	0.04817
9.81	0.1406	0.08998	0.05065
9.82	0.1459	0.09234	0.05358
9.83	0.1509	0.09458	0.05636
9.84	0.1552	0.09669	0.05852
9.85	0.1585	0.09869	0.05979
9.86	0.1606	0.1006	0.06007
9.87	0.1625	0.1023	0.06014
9.88	0.1649	0.104	0.06092
9.89	0.1678	0.1056	0.06221
9.9	0.1697	0.1071	0.06261
9.91	0.1696	0.1084	0.06116
9.92	0.1685	0.1097	0.05879
9.93	0.1678	0.1109	0.05686
9.94	0.1677	0.112	0.05573
9.95	0.1678	0.113	0.0548
9.96	0.1676	0.114	0.05366
9.97	0.1676	0.1148	0.05283
9.98	0.1685	0.1155	0.05301
9.99	0.1703	0.1162	0.05411
10	0.1719	0.1167	0.05524
10.01	0.1727	0.1171	0.05559
10.02	0.1723	0.1174	0.05491
10.03	0.1707	0.1176	0.05312
10.04	0.1684	0.1177	0.05071
10.05	0.1664	0.1176	0.04877
10.06	0.1655	0.1174	0.04811
10.07	0.1653	0.1171	0.04825
10.08	0.165	0.1166	0.04843
10.09	0.1642	0.1159	0.04829
10.1	0.1629	0.1151	0.04785
10.11	0.1612	0.1141	0.04716
10.12	0.1591	0.1129	0.04621
10.13	0.1565	0.1115	0.04496
10.14	0.1534	0.11	0.04335
10.15	0.1495	0.1083	0.04123
10.16	0.145	0.1064	0.03863
10.17	0.1405	0.1043	0.03619
10.18	0.1368	0.1021	0.03471
10.19	0.1341	0.09964	0.03443
10.2	0.1321	0.09705	0.03509
10.21	0.1306	0.09429	0.03631
10.22	0.1288	0.09138	0.03745
10.23	0.1262	0.08833	0.03785
10.24	0.1227	0.08514	0.03751
10.25	0.119	0.08184	0.03717
10.26	0.1159	0.07843	0.03748
10.27	0.1138	0.07493	0.03886
10.28	0.1129	0.07135	0.04157
10.29	0.1127	0.06772	0.04496
10.3	0.1115	0.06404	0.04743
10.31	0.1081	0.06034	0.04781
10.32	0.1034	0.05664	0.04676
10.33	0.09835	0.05294	0.04541
10.34	0.09385	0.04928	0.04456
10.35	0.09039	0.04567	0.04471
10.36	0.08819	0.04213	0.04606
10.37	0.08639	0.03868	0.04771
10.38	0.08387	0.03533	0.04854
10.39	0.08035	0.0321	0.04824
10.4	0.07633	0.02901	0.04732
10.41	0.07233	0.02607	0.04627
10.42	0.06869	0.02329	0.0454
10.43	0.06566	0.02069	0.04497
10.44	0.06313	0.01828	0.04485
10.45	0.06058	0.01607	0.04451
10.46	0.05765	0.01407	0.04358
10.47	0.05472	0.01228	0.04244
10.48	0.05234	0.01071	0.04162
10.49	0.05115	0.009369	0.04178
10.5	0.05189	0.008253	0.04363
10.51	0.0548	0.007367	0.04744
10.52	0.05821	0.00671	0.0515
10.53	0.06	0.006281	0.05372
10.54	0.05982	0.006078	0.05374
10.55	0.05904	0.006095	0.05294
10.56	0.05881	0.00633	0.05248
10.57	0.05906	0.006775	0.05228
10.58	0.0594	0.007424	0.05197
10.59	0.05956	0.008269	0.05129
10.6	0.05937	0.009301	0.05007
10.61	0.05882	0.01051	0.04831
10.62	0.05848	0.01189	0.04659
10.63	0.05901	0.01342	0.04559
10.64	0.06052	0.01511	0.04542
10.65	0.06253	0.01692	0.04561
10.66	0.06435	0.01886	0.04549
10.67	0.06459	0.02092	0.04368
10.68	0.06175	0.02307	0.03868
10.69	0.05632	0.0253	0.03101
10.7	0.05075	0.02762	0.02313
10.71	0.04723	0.02999	0.01724
10.72	0.04644	0.03242	0.01403
10.73	0.04865	0.03488	0.01377
10.74	0.05281	0.03737	0.01545
10.75	0.05658	0.03987	0.01671
10.76	0.05828	0.04237	0.01592
10.77	0.05922	0.04485	0.01436
10.78	0.06133	0.04732	0.01401
10.79	0.06486	0.04975	0.01511
10.8	0.06831	0.05213	0.01618
10.81	0.07044	0.05445	0.01598
10.82	0.07133	0.0567	0.01462
10.83	0.07139	0.05887	0.01252
10.84	0.07107	0.06094	0.01012
10.85	0.07086	0.06291	0.007951
10.86	0.0712	0.06476	0.006434
10.87	0.07225	0.06649	0.005767
10.88	0.07413	0.06807	0.00606
10.89	0.07651	0.06951	0.006998
10.9	0.07863	0.07079	0.007841
10.91	0.07992	0.07189	0.008028
10.92	0.08061	0.07283	0.007786
10.93	0.0811	0.07357	0.007528
10.94	0.08156	0.07412	0.007443
10.95	0.08196	0.07447	0.007492
10.96	0.08218	0.0746	0.007577
10.97	0.08192	0.07452	0.007395
10.98	0.08083	0.07422	0.006612
10.99	0.07897	0.07369	0.005273
11	0.07674	0.07294	0.003804
11.01	0.07455	0.07195	0.002608
11.02	0.07264	0.07072	0.00192
11.03	0.07119	0.06926	0.001932
11.04	0.07035	0.06756	0.002795
11.05	0.07024	0.06562	0.004615
11.06	0.07077	0.06346	0.007316
11.07	0.07115	0.06106	0.01009
11.08	0.0704	0.05844	0.01196
11.09	0.06801	0.0556	0.01242
11.1	0.06393	0.05254	0.01139
11.11	0.05835	0.04927	0.009079
11.12	0.05244	0.04581	0.006633
11.13	0.04755	0.04216	0.005393
11.14	0.0438	0.03832	0.005481
11.15	0.04011	0.03431	0.005803
11.16	0.0356	0.03014	0.005459
11.17	0.03038	0.02582	0.004551
11.18	0.02479	0.02137	0.00342
11.19	0.01905	0.01678	0.002266
11.2	0.01322	0.01208	0.001143
11.21	0.007341	0.007275	6.556e-05
11.22	0.001277	0.002376	-0.001099
11.23	-0.005111	-0.002605	-0.002506
11.24	-0.01173	-0.007658	-0.004075
11.25	-0.01826	-0.01277	-0.005484
11.26	-0.0244	-0.01794	-0.006459
11.27	-0.03009	-0.02315	-0.006943
11.28	-0.03533	-0.02839	-0.006941
11.29	-0.04024	-0.03366	-0.006576
11.3	-0.04505	-0.03896	-0.006091
11.31	-0.05001	-0.04426	-0.005748
11.32	-0.05545	-0.04958	-0.005867
11.33	-0.06166	-0.0549	-0.006761
11.34	-0.06841	-0.06022	-0.008185
11.35	-0.07488	-0.06555	-0.009338
11.36	-0.0804	-0.07087	-0.00953
11.37	-0.08479	-0.07618	-0.008609
11.38	-0.08808	-0.08149	-0.006588
11.39	-0.09092	-0.0868	-0.00412
11.4	-0.0946	-0.0921	-0.0025
11.41	-0.1001	-0.0974	-0.002663
11.42	-0.1067	-0.1027	-0.004002
11.43	-0.1135	-0.108	-0.005546
11.44	-0.1202	-0.1133	-0.00696
11.45	-0.1271	-0.1186	-0.008537
11.46	-0.1343	-0.1239	-0.01046
11.47	-0.1415	-0.1291	-0.01237
11.48	-0.1482	-0.1344	-0.01379
11.49	-0.1541	-0.1397	-0.01441
11.5	-0.1591	-0.145	-0.01416
11.51	-0.1633	-0.1502	-0.01308
11.52	-0.1673	-0.1555	-0.01182
11.53	-0.1719	-0.1607	-0.01113
11.54	-0.1772	-0.166	-0.01127
11.55	-0.1832	-0.1712	-0.01202
11.56	-0.1893	-0.1763	-0.01303
11.57	-0.1949	-0.1814	-0.01352
11.58	-0.1992	-0.1865	-0.01267
11.59	-0.2022	-0.1915	-0.01071
11.6	-0.2053	-0.1964	-0.00891
11.61	-0.2095	-0.2013	-0.008244
11.62	-0.2143	-0.206	-0.008264
11.63	-0.2188	-0.2106	-0.008196
11.64	-0.2231	-0.2152	-0.007884
11.65	-0.2273	-0.2196	-0.007794
11.66	-0.2321	-0.2238	-0.00833
11.67	-0.2375	-0.2279	-0.009568
11.68	-0.2433	-0.2318	-0.01148
11.69	-0.2492	-0.2355	-0.01368
11.7	-0.2545	-0.2391	-0.0154
11.71	-0.2585	-0.2424	-0.01606
11.72	-0.2615	-0.2456	-0.01592
11.73	-0.264	-0.2485	-0.01543
11.74	-0.266	-0.2512	-0.01477
11.75	-0.2676	-0.2537	-0.01387
11.76	-0.2686	-0.256	-0.01267
11.77	-0.2693	-0.258	-0.0113
11.78	-0.2698	-0.2598	-0.009953
11.79	-0.2702	-0.2614	-0.008804
11.8	-0.2708	-0.2628	-0.008046
11.81	-0.2717	-0.2639	-0.007759
11.82	-0.2724	-0.2649	-0.007573
11.83	-0.2726	-0.2656	-0.007026
11.84	-0.2723	-0.2662	-0.006134
11.85	-0.2719	-0.2666	-0.005394
11.86	-0.272	-0.2668	-0.005219
11.87	-0.2725	-0.2669	-0.005614
11.88	-0.2733	-0.2668	-0.006469
11.89	-0.2741	-0.2667	-0.007394
11.9	-0.2742	-0.2665	-0.007721
11.91	-0.2733	-0.2662	-0.007091
11.92	-0.2722	-0.2658	-0.006434
11.93	-0.2724	-0.2654	-0.006956
11.94	-0.2737	-0.265	-0.008679
11.95	-0.2751	-0.2646	-0.01045
11.96	-0.2757	-0.2642	-0.01142
11.97	-0.2761	-0.2639	-0.01223
11.98	-0.2774	-0.2636	-0.01383
11.99	-0.2795	-0.2634	-0.01611
12	-0.2812	-0.2633	-0.01789
12.01	-0.2814	-0.2632	-0.01823
12.02	-0.2806	-0.2633	-0.01733
12.03	-0.2791	-0.2634	-0.01569
12.04	-0.2774	-0.2637	-0.01363
12.05	-0.2754	-0.2641	-0.0113
12.06	-0.2736	-0.2647	-0.008921
12.07	-0.2723	-0.2653	-0.007051
12.08	-0.2723	-0.266	-0.006304
12.09	-0.2736	-0.2669	-0.006704
12.1	-0.2756	-0.2679	-0.007689
12.11	-0.2775	-0.2689	-0.008616
12.12	-0.2787	-0.2701	-0.008619
12.13	-0.2781	-0.2713	-0.00685
12.14	-0.2766	-0.2725	-0.004056
12.15	-0.2764	-0.2738	-0.00258
12.16	-0.2791	-0.2751	-0.004054
12.17	-0.2834	-0.2764	-0.006968
12.18	-0.2867	-0.2777	-0.009085
12.19	-0.2883	-0.2789	-0.009434
12.2	-0.2884	-0.2801	-0.008312
12.21	-0.2875	-0.2812	-0.006288
12.22	-0.287	-0.2822	-0.004807
12.23	-0.2885	-0.283	-0.005452
12.24	-0.2917	-0.2837	-0.008002
12.25	-0.2947	-0.2843	-0.01043
12.26	-0.2958	-0.2847	-0.01114
12.27	-0.2954	-0.2849	-0.01051
12.28	-0.2943	-0.2849	-0.009383
12.29	-0.2928	-0.2846	-0.008151
12.3	-0.2909	-0.2842	-0.006709
12.31	-0.2885	-0.2835	-0.004998
12.32	-0.2857	-0.2825	-0.003215
12.33	-0.2829	-0.2813	-0.001629
12.34	-0.2805	-0.2798	-0.000683
12.35	-0.2791	-0.2781	-0.0009976
12.36	-0.2789	-0.2761	-0.002792
12.37	-0.2786	-0.2739	-0.00466
12.38	-0.2763	-0.2714	-0.004876
12.39	-0.2725	-0.2687	-0.003806
12.4	-0.2697	-0.2658	-0.003902
12.41	-0.2695	-0.2626	-0.006897
12.42	-0.2705	-0.2592	-0.01127
12.43	-0.2704	-0.2557	-0.01477
12.44	-0.269	-0.2519	-0.01703
12.45	-0.2676	-0.248	-0.01958
12.46	-0.2674	-0.244	-0.02348
12.47	-0.2673	-0.2398	-0.02749
12.48	-0.2654	-0.2355	-0.0299
12.49	-0.2613	-0.2311	-0.03021
12.5	-0.2557	-0.2266	-0.02911
12.51	-0.2495	-0.222	-0.0275
12.52	-0.2441	-0.2174	-0.02671
12.53	-0.2409	-0.2128	-0.02814
12.54	-0.2402	-0.2081	-0.03206
12.55	-0.241	-0.2034	-0.03753
12.56	-0.2423	-0.1988	-0.04358
12.57	-0.2431	-0.1941	-0.049
12.58	-0.2421	-0.1895	-0.0526
12.59	-0.2387	-0.1849	-0.05383
12.6	-0.2331	-0.1803	-0.0528
12.61	-0.2256	-0.1758	-0.04984
12.62	-0.2173	-0.1713	-0.04605
12.63	-0.2096	-0.1668	-0.04271
12.64	-0.2031	-0.1625	-0.0406
12.65	-0.1981	-0.1581	-0.04003
12.66	-0.1948	-0.1538	-0.04099
12.67	-0.1917	-0.1495	-0.04215
12.68	-0.1873	-0.1453	-0.04198
12.69	-0.1817	-0.1411	-0.04063
12.7	-0.1769	-0.1369	-0.04
12.71	-0.1741	-0.1327	-0.04141
12.72	-0.1721	-0.1285	-0.04352
12.73	-0.1688	-0.1244	-0.04441
12.74	-0.1638	-0.1202	-0.04361
12.75	-0.1581	-0.116	-0.04209
12.76	-0.1524	-0.1117	-0.04063
12.77	-0.1464	-0.1075	-0.03896
12.78	-0.1397	-0.1031	-0.03658
12.79	-0.1323	-0.09878	-0.0335
12.8	-0.1246	-0.09436	-0.03024
12.81	-0.1171	-0.08988	-0.02724
12.82	-0.1098	-0.08534	-0.02444
12.83	-0.1024	-0.08072	-0.0217
12.84	-0.09539	-0.07605	-0.01935
12.85	-0.08947	-0.0713	-0.01817
12.86	-0.08508	-0.06648	-0.0186
12.87	-0.08117	-0.0616	-0.01956
12.88	-0.07633	-0.05666	-0.01966
12.89	-0.07046	-0.05167	-0.01879
12.9	-0.06477	-0.04662	-0.01815
12.91	-0.06011	-0.04154	-0.01858
12.92	-0.05575	-0.03642	-0.01933
12.93	-0.05057	-0.03128	-0.01929
12.94	-0.04436	-0.02612	-0.01824
12.95	-0.03777	-0.02097	-0.0168
12.96	-0.03137	-0.01582	-0.01555
12.97	-0.02537	-0.01071	-0.01466
12.98	-0.01985	-0.005626	-0.01423
12.99	-0.01498	-0.0005986	-0.01439
13	-0.01096	0.004363	-0.01532
13.01	-0.007945	0.009246	-0.01719
13.02	-0.006003	0.01403	-0.02004
13.03	-0.005127	0.01872	-0.02384
13.04	-0.004651	0.02328	-0.02793
13.05	-0.003248	0.02771	-0.03096
13.06	3.535e-05	0.032	-0.03196
13.07	0.004545	0.03613	-0.03159
13.08	0.00923	0.0401	-0.03087
13.09	0.01315	0.0439	-0.03075
13.1	0.01548	0.04752	-0.03204
13.11	0.01572	0.05095	-0.03523
13.12	0.01464	0.05419	-0.03955
13.13	0.01334	0.05723	-0.0439
13.14	0.01271	0.06008	-0.04737
13.15	0.01349	0.06273	-0.04924
13.16	0.01606	0.06519	-0.04913
13.17	0.01946	0.06745	-0.04798
13.18	0.02247	0.06951	-0.04704
13.19	0.02411	0.07139	-0.04728
13.2	0.0237	0.07309	-0.04939
13.21	0.02125	0.07461	-0.05336
13.22	0.01945	0.07596	-0.0565
13.23	0.02155	0.07715	-0.0556
13.24	0.02715	0.07819	-0.05103
13.25	0.0323	0.07908	-0.04679
13.26	0.03399	0.07985	-0.04587
13.27	0.03374	0.0805	-0.04676
13.28	0.03415	0.08104	-0.04689
13.29	0.03618	0.08148	-0.0453
13.3	0.03922	0.08183	-0.04261
13.31	0.04267	0.08211	-0.03945
13.32	0.04624	0.08233	-0.03609
13.33	0.04976	0.08249	-0.03273
13.34	0.05289	0.08261	-0.02972
13.35	0.05515	0.0827	-0.02755
13.36	0.05636	0.08276	-0.0264
13.37	0.05758	0.08281	-0.02523
13.38	0.06012	0.08285	-0.02273
13.39	0.06381	0.08288	-0.01907
13.4	0.06703	0.08293	-0.01589
13.41	0.06865	0.08298	-0.01433
13.42	0.06978	0.08304	-0.01327
13.43	0.07202	0.08313	-0.0111
13.44	0.07497	0.08323	-0.008261
13.45	0.07618	0.08335	-0.007177
13.46	0.07381	0.0835	-0.009693
13.47	0.06873	0.08367	-0.01494
13.48	0.06248	0.08385	-0.02137
13.49	0.05677	0.08406	-0.02729
13.5	0.05342	0.08428	-0.03086
13.51	0.05361	0.08452	-0.03091
13.52	0.05589	0.08476	-0.02888
13.53	0.05818	0.08501	-0.02683
13.54	0.05958	0.08527	-0.02569
13.55	0.0603	0.08552	-0.02522
13.56	0.06053	0.08576	-0.02523
13.57	0.06012	0.08599	-0.02587
13.58	0.05885	0.08621	-0.02737
13.59	0.05726	0.08641	-0.02915
13.6	0.05671	0.08658	-0.02987
13.61	0.05819	0.08672	-0.02853
13.62	0.06122	0.08684	-0.02562
13.63	0.06493	0.08691	-0.02198
13.64	0.06875	0.08696	-0.0182
13.65	0.07238	0.08696	-0.01457
13.66	0.0755	0.08692	-0.01142
13.67	0.0776	0.08684	-0.009236
13.68	0.0782	0.08672	-0.008522
13.69	0.07762	0.08656	-0.00894
13.7	0.07705	0.08636	-0.00931
13.71	0.07741	0.08611	-0.008705
13.72	0.07849	0.08584	-0.007343
13.73	0.0798	0.08553	-0.005726
13.74	0.08089	0.08519	-0.004293
13.75	0.0814	0.08482	-0.003416
13.76	0.08113	0.08443	-0.003302
13.77	0.08052	0.08402	-0.0035
13.78	0.08017	0.08359	-0.003422
13.79	0.08	0.08316	-0.003159
13.8	0.07924	0.08272	-0.00348
13.81	0.07744	0.08229	-0.00485
13.82	0.07546	0.08185	-0.006394
13.83	0.07452	0.08143	-0.006913
13.84	0.07558	0.08102	-0.005439
13.85	0.07939	0.08063	-0.001238
13.86	0.08589	0.08025	0.005638
13.87	0.09195	0.07991	0.01205
13.88	0.09383	0.07959	0.01424
13.89	0.0919	0.07929	0.01261
13.9	0.09067	0.07903	0.01164
13.91	0.09318	0.0788	0.01438
13.92	0.09595	0.0786	0.01736
13.93	0.09411	0.07842	0.01569
13.94	0.08755	0.07828	0.009272
13.95	0.08093	0.07816	0.002771
13.96	0.07813	0.07807	6.202e-05
13.97	0.079	0.07799	0.001007
13.98	0.08236	0.07793	0.004437
13.99	0.08646	0.07787	0.00859
14	0.08893	0.07782	0.01111
14.01	0.08828	0.07777	0.01051
14.02	0.08668	0.0777	0.008974
14.03	0.08707	0.07762	0.009452
14.04	0.08989	0.07751	0.01237
14.05	0.093	0.07737	0.01562
14.06	0.09458	0.07719	0.01739
14.07	0.0945	0.07696	0.01754
14.08	0.09305	0.07667	0.01638
14.09	0.09119	0.07631	0.01488
14.1	0.09053	0.07587	0.01466
14.11	0.09209	0.07535	0.01674
14.12	0.09444	0.07474	0.01969
14.13	0.09557	0.07403	0.02154
14.14	0.09473	0.07322	0.02152
14.15	0.09241	0.07229	0.02011
14.16	0.08919	0.07125	0.01794
14.17	0.08597	0.07008	0.01589
14.18	0.08366	0.06878	0.01488
14.19	0.08233	0.06735	0.01498
14.2	0.08125	0.06579	0.01546
14.21	0.07957	0.06409	0.01547
14.22	0.0762	0.06226	0.01394
14.23	0.0701	0.06029	0.009815
14.24	0.06239	0.05818	0.004211
14.25	0.05633	0.05593	0.0003952
14.26	0.05438	0.05356	0.0008196
14.27	0.05536	0.05105	0.004312
14.28	0.05723	0.04842	0.008815
14.29	0.05847	0.04567	0.01281
14.3	0.0581	0.0428	0.01531
14.31	0.05555	0.03982	0.01573
14.32	0.05176	0.03674	0.01502
14.33	0.04801	0.03356	0.01445
14.34	0.04476	0.03029	0.01446
14.35	0.04161	0.02695	0.01466
14.36	0.03832	0.02353	0.01479
14.37	0.03541	0.02005	0.01536
14.38	0.03354	0.01651	0.01702
14.39	0.03253	0.01293	0.0196
14.4	0.03137	0.009312	0.02205
14.41	0.02914	0.005663	0.02348
14.42	0.02559	0.001994	0.0236
14.43	0.02066	-0.001688	0.02235
14.44	0.01524	-0.005374	0.02062
14.45	0.01121	-0.009056	0.02027
14.46	0.009781	-0.01273	0.02251
14.47	0.009438	-0.01638	0.02582
14.48	0.00805	-0.02001	0.02806
14.49	0.005096	-0.02361	0.02871
14.5	0.001667	-0.02718	0.02884
14.51	-0.001389	-0.0307	0.02931
14.52	-0.004469	-0.03418	0.02971
14.53	-0.008251	-0.03761	0.02936
14.54	-0.01271	-0.04099	0.02828
14.55	-0.01712	-0.04431	0.0272
14.56	-0.02106	-0.04758	0.02652
14.57	-0.02551	-0.05079	0.02528
14.58	-0.03174	-0.05394	0.0222
14.59	-0.0397	-0.05703	0.01733
14.6	-0.04806	-0.06005	0.01199
14.61	-0.05555	-0.06302	0.007463
14.62	-0.06144	-0.06592	0.004483
14.63	-0.06511	-0.06876	0.003654
14.64	-0.06638	-0.07155	0.005167
14.65	-0.06547	-0.07427	0.008802
14.66	-0.06278	-0.07694	0.01416
14.67	-0.05938	-0.07955	0.02017
14.68	-0.05647	-0.0821	0.02564
14.69	-0.05489	-0.08461	0.02971
14.7	-0.05511	-0.08705	0.03194
14.71	-0.05736	-0.08945	0.03209
14.72	-0.06105	-0.0918	0.03075
14.73	-0.0654	-0.0941	0.02869
14.74	-0.07023	-0.09635	0.02611
14.75	-0.07593	-0.09855	0.02262
14.76	-0.08258	-0.1007	0.01812
14.77	-0.08898	-0.1028	0.01384
14.78	-0.09361	-0.1049	0.01126
14.79	-0.09591	-0.1069	0.01098
14.8	-0.09623	-0.1089	0.01263
14.81	-0.09518	-0.1108	0.01559
14.82	-0.09435	-0.1126	0.01829
14.83	-0.09547	-0.1145	0.01899
14.84	-0.09838	-0.1162	0.01785
14.85	-0.101	-0.1179	0.01691
14.86	-0.1019	-0.1196	0.0177
14.87	-0.1018	-0.1212	0.01939
14.88	-0.1021	-0.1227	0.02058
14.89	-0.1033	-0.1242	0.02087
14.9	-0.1047	-0.1256	0.02086
14.91	-0.1059	-0.1269	0.02098
14.92	-0.1074	-0.1282	0.02083
14.93	-0.1095	-0.1294	0.01984
14.94	-0.1122	-0.1305	0.01827
14.95	-0.1143	-0.1315	0.01713
14.96	-0.1152	-0.1324	0.01716
14.97	-0.1155	-0.1333	0.01772
14.98	-0.1161	-0.134	0.01788
14.99	-0.1175	-0.1347	0.01718
15	-0.1195	-0.1352	0.01568
15.01	-0.122	-0.1357	0.01368
15.02	-0.1236	-0.136	0.01241
15.03	-0.123	-0.1363	0.01325
15.04	-0.1205	-0.1364	0.01594
15.05	-0.118	-0.1365	0.01851
15.06	-0.1169	-0.1364	0.01945
15.07	-0.1171	-0.1362	0.01916
15.08	-0.1174	-0.1359	0.01853
15.09	-0.1173	-0.1356	0.01828
15.1	-0.1161	-0.1351	0.01897
15.11	-0.1135	-0.1344	0.02094
15.12	-0.1102	-0.1337	0.02357
15.13	-0.1069	-0.1329	0.02605
15.14	-0.1045	-0.132	0.02752
15.15	-0.1039	-0.131	0.02711
15.16	-0.1054	-0.1299	0.02447
15.17	-0.1073	-0.1287	0.02141
15.18	-0.1072	-0.1274	0.02018
15.19	-0.1052	-0.126	0.02084
15.2	-0.1033	-0.1246	0.02125
15.21	-0.1031	-0.1231	0.01997
15.22	-0.1028	-0.1215	0.01865
15.23	-0.1002	-0.1198	0.0196
15.24	-0.09484	-0.1181	0.02327
15.25	-0.0882	-0.1163	0.02813
15.26	-0.08172	-0.1145	0.03279
15.27	-0.07608	-0.1126	0.03655
15.28	-0.07177	-0.1107	0.03894
15.29	-0.06848	-0.1088	0.04028
15.3	-0.06511	-0.1068	0.04165
15.31	-0.06091	-0.1047	0.04383
15.32	-0.05644	-0.1027	0.04625
15.33	-0.05261	-0.1006	0.048
15.34	-0.04972	-0.09852	0.0488
15.35	-0.04742	-0.0964	0.04898
15.36	-0.04531	-0.09426	0.04894
15.37	-0.04285	-0.0921	0.04926
15.38	-0.03947	-0.08993	0.05046
15.39	-0.03567	-0.08774	0.05207
15.4	-0.03297	-0.08553	0.05255
15.41	-0.03237	-0.0833	0.05093
15.42	-0.03252	-0.08105	0.04852
15.43	-0.03155	-0.07877	0.04722
15.44	-0.02873	-0.07647	0.04774
15.45	-0.02447	-0.07415	0.04967
15.46	-0.01955	-0.07179	0.05224
15.47	-0.01597	-0.0694	0.05343
15.48	-0.01591	-0.06698	0.05107
15.49	-0.01896	-0.06452	0.04555
15.5	-0.02214	-0.06201	0.03987
15.51	-0.023	-0.05946	0.03646
15.52	-0.0218	-0.05687	0.03507
15.53	-0.01943	-0.05422	0.0348
15.54	-0.0165	-0.05153	0.03503
15.55	-0.01334	-0.04879	0.03545
15.56	-0.01005	-0.046	0.03595
15.57	-0.006011	-0.04316	0.03715
15.58	-0.0004336	-0.04028	0.03984
15.59	0.006454	-0.03735	0.0438
15.6	0.01342	-0.03439	0.04781
15.61	0.01943	-0.03139	0.05082
15.62	0.02437	-0.02837	0.05274
15.63	0.02839	-0.02533	0.05372
15.64	0.03174	-0.02228	0.05403
15.65	0.03487	-0.01924	0.05411
15.66	0.03811	-0.01622	0.05433
15.67	0.04142	-0.01322	0.05464
15.68	0.0447	-0.01027	0.05497
15.69	0.04809	-0.007383	0.05548
15.7	0.05204	-0.004574	0.05661
15.71	0.05661	-0.001861	0.05847
15.72	0.0605	0.0007342	0.05976
15.73	0.06212	0.003193	0.05892
15.74	0.06176	0.005494	0.05627
15.75	0.06162	0.007617	0.054
15.76	0.06329	0.00954	0.05375
15.77	0.06574	0.01124	0.0545
15.78	0.06733	0.0127	0.05463
15.79	0.06769	0.0139	0.05379
15.8	0.06768	0.01481	0.05287
15.81	0.06809	0.01542	0.05266
15.82	0.06897	0.01571	0.05326
15.83	0.07023	0.01567	0.05456
15.84	0.07178	0.01527	0.05651
15.85	0.0736	0.01451	0.05909
15.86	0.07564	0.01337	0.06226
15.87	0.07795	0.01185	0.0661
15.88	0.08061	0.009944	0.07066
15.89	0.08378	0.00764	0.07614
15.9	0.08779	0.004941	0.08285
15.91	0.09253	0.001849	0.09068
15.92	0.09626	-0.001631	0.09789
15.93	0.09691	-0.005491	0.1024
15.94	0.0943	-0.009721	0.104
15.95	0.09011	-0.01431	0.1044
15.96	0.08597	-0.01923	0.1052
15.97	0.08287	-0.02447	0.1073
15.98	0.08164	-0.03001	0.1117
15.99	0.08312	-0.03583	0.119
16	0.08814	-0.04188	0.13
